1.00000000E+00	0.00000000E+00	0.00000000E+00	9.15021000E-01	0.00000000E+00	0.00000000E+00
2.51505000E+00	0.00000000E+00	0.00000000E+00	2.52136000E+00	0.00000000E+00	0.00000000E+00
3.60470000E+00	4.24478330E+00	4.10051670E+00	3.56357000E+00	2.57184580E-02	-3.98744680E-02
4.33423000E+00	4.76459330E+00	4.71883970E+00	4.33745000E+00	1.86777410E-02	-3.07572690E-02
4.97523000E+00	5.26374940E+00	5.19727600E+00	4.95882000E+00	9.12453080E-03	-2.18086800E-02
5.51921000E+00	5.73479020E+00	5.69533540E+00	5.51763000E+00	2.45783820E-02	1.62543220E-02
6.01636000E+00	6.19674200E+00	6.15255560E+00	6.00318000E+00	2.57086870E-02	3.25135460E-02
6.44409000E+00	6.59665020E+00	6.56739350E+00	6.43679000E+00	3.47060280E-02	5.38747670E-02
6.82142000E+00	6.94837040E+00	6.92171410E+00	6.81290000E+00	2.80384350E-02	5.86312410E-02
7.13249000E+00	7.24590210E+00	7.22405820E+00	7.12520000E+00	3.48186020E-02	7.15623150E-02
7.39301000E+00	7.49749240E+00	7.47705140E+00	7.38530000E+00	2.89051820E-02	7.39928900E-02
7.59900000E+00	7.69253580E+00	7.67572400E+00	7.59287000E+00	3.25513210E-02	7.83234200E-02
7.76783000E+00	7.85301720E+00	7.83601810E+00	7.76091000E+00	2.69997780E-02	7.98562220E-02
7.88823000E+00	7.96689550E+00	7.95338050E+00	7.88317000E+00	3.00062220E-02	8.08081100E-02
7.97962000E+00	8.05300850E+00	8.03799710E+00	7.97258000E+00	2.60309220E-02	8.27188160E-02
8.03032000E+00	8.09745120E+00	8.08603390E+00	8.02504000E+00	2.81944090E-02	7.95860230E-02
8.05933000E+00	8.12205640E+00	8.10892460E+00	8.05196000E+00	2.51844220E-02	7.95297820E-02
8.05459000E+00	8.11230190E+00	8.10337320E+00	8.04987000E+00	2.67216680E-02	7.46631640E-02
8.03531000E+00	8.08941070E+00	8.07821000E+00	8.02814000E+00	2.46304700E-02	7.29715240E-02
7.98958000E+00	8.03924140E+00	8.03207270E+00	7.98499000E+00	2.57891790E-02	6.70214790E-02
7.93451000E+00	7.98102650E+00	7.97179510E+00	7.92781000E+00	2.41731410E-02	6.45021830E-02
7.85879000E+00	7.90167650E+00	7.89567510E+00	7.85412000E+00	2.48940460E-02	5.86275450E-02
7.77636000E+00	7.81638030E+00	7.80843060E+00	7.76969000E+00	2.38316600E-02	5.53262090E-02
7.67734000E+00	7.71459290E+00	7.70977480E+00	7.67274000E+00	2.46092480E-02	4.92010700E-02
7.57490000E+00	7.60951550E+00	7.60342090E+00	7.56894000E+00	2.41095780E-02	4.47736590E-02
7.46068000E+00	7.49289610E+00	7.48923600E+00	7.45626000E+00	2.42159230E-02	3.87434210E-02
7.34477000E+00	7.37452140E+00	7.36953170E+00	7.33891000E+00	2.33242790E-02	3.43035190E-02
7.21996000E+00	7.24790640E+00	7.24496610E+00	7.21546000E+00	2.32068420E-02	2.88709490E-02
7.09517000E+00	7.12089010E+00	7.11725930E+00	7.08985000E+00	2.28326730E-02	2.43296800E-02
6.96439000E+00	6.98858630E+00	6.98650970E+00	6.96018000E+00	2.22551470E-02	1.96436710E-02
6.83449000E+00	6.85685450E+00	6.85442300E+00	6.82989000E+00	2.20066960E-02	1.57791660E-02
6.70132000E+00	6.72240540E+00	6.72093940E+00	6.69739000E+00	2.17354070E-02	1.21999710E-02
6.56966000E+00	6.58896970E+00	6.58732680E+00	6.56550000E+00	2.19654560E-02	8.50966280E-03
6.43684000E+00	6.45529900E+00	6.45442190E+00	6.43322000E+00	2.15644880E-02	5.15902680E-03
6.30681000E+00	6.32344850E+00	6.32282050E+00	6.30346000E+00	2.14402100E-02	2.12204910E-03
6.17713000E+00	6.19321020E+00	6.19305480E+00	6.17421000E+00	2.06574980E-02	-2.19172480E-04
6.05042000E+00	6.06502430E+00	6.06495880E+00	6.04771000E+00	2.01521500E-02	-1.99742780E-03
5.92437000E+00	5.93850010E+00	5.93887310E+00	5.92214000E+00	1.94013060E-02	-3.34470860E-03
5.80120000E+00	5.81414260E+00	5.81436530E+00	5.79896000E+00	1.89816170E-02	-4.20232370E-03
5.67906000E+00	5.69152670E+00	5.69224430E+00	5.67740000E+00	1.82058510E-02	-4.97099580E-03
5.55977000E+00	5.57134770E+00	5.57178530E+00	5.55802000E+00	1.77944950E-02	-5.31961580E-03
5.44190000E+00	5.45300850E+00	5.45378760E+00	5.44061000E+00	1.67424370E-02	-5.61680470E-03
5.32671000E+00	5.33711700E+00	5.33759870E+00	5.32532000E+00	1.61077190E-02	-5.63154010E-03
5.21315000E+00	5.22310790E+00	5.22385240E+00	5.21214000E+00	1.49263770E-02	-5.71203240E-03
5.10218000E+00	5.11156470E+00	5.11206580E+00	5.10110000E+00	1.40574630E-02	-5.34915180E-03
4.99291000E+00	5.00189280E+00	5.00261860E+00	4.99215000E+00	1.30936380E-02	-5.03438440E-03
4.88601000E+00	4.89450180E+00	4.89507170E+00	4.88528000E+00	1.24245720E-02	-4.48370030E-03
4.78085000E+00	4.78901990E+00	4.78953800E+00	4.78016000E+00	1.17434330E-02	-3.97197160E-03
4.67790000E+00	4.68561160E+00	4.68606460E+00	4.67728000E+00	1.12500640E-02	-3.70163200E-03
4.57696000E+00	4.58433810E+00	4.58485340E+00	4.57649000E+00	1.04913920E-02	-3.40782850E-03
4.47834000E+00	4.48537350E+00	4.48576330E+00	4.47786000E+00	9.90604240E-03	-2.95006850E-03
4.38164000E+00	4.38836370E+00	4.38881110E+00	4.38130000E+00	9.31218110E-03	-2.62116200E-03
4.28719000E+00	4.29358460E+00	4.29396770E+00	4.28688000E+00	8.78404330E-03	-2.20919080E-03
4.19476000E+00	4.20089550E+00	4.20128630E+00	4.19451000E+00	8.24830350E-03	-1.83560380E-03
4.10454000E+00	4.11036390E+00	4.11068510E+00	4.10431000E+00	7.82649500E-03	-1.47771620E-03
4.01630000E+00	4.02190430E+00	4.02221950E+00	4.01613000E+00	7.31544850E-03	-1.19448470E-03
3.93021000E+00	3.93553650E+00	3.93581710E+00	3.93007000E+00	6.89845530E-03	-8.64064880E-04
3.84605000E+00	3.85116670E+00	3.85143450E+00	3.84595000E+00	6.49199380E-03	-5.95422680E-04
3.76393000E+00	3.76880740E+00	3.76904430E+00	3.76383000E+00	6.15360370E-03	-3.23641990E-04
3.68368000E+00	3.68836370E+00	3.68859110E+00	3.68363000E+00	5.81233070E-03	-1.32601430E-04
3.60540000E+00	3.60987740E+00	3.61009550E+00	3.60538000E+00	5.49936680E-03	9.30699180E-05
3.52899000E+00	3.53327760E+00	3.53346790E+00	3.52898000E+00	5.20911970E-03	2.64874090E-04
3.45446000E+00	3.45856150E+00	3.45872640E+00	3.45446000E+00	4.93852420E-03	4.22536080E-04
3.38168000E+00	3.38562290E+00	3.38578360E+00	3.38171000E+00	4.66475320E-03	5.29600400E-04
3.31069000E+00	3.31446630E+00	3.31459440E+00	3.31072000E+00	4.41302510E-03	6.68922810E-04
3.24134000E+00	3.24496640E+00	3.24509340E+00	3.24139000E+00	4.20236710E-03	7.44441720E-04
3.17367000E+00	3.17715540E+00	3.17725260E+00	3.17372000E+00	3.99030740E-03	8.04090880E-04
3.10758000E+00	3.11092150E+00	3.11102960E+00	3.10766000E+00	3.77958630E-03	8.34395610E-04
3.04310000E+00	3.04630480E+00	3.04638450E+00	3.04316000E+00	3.58026860E-03	8.94030580E-04
2.98011000E+00	2.98319520E+00	2.98326810E+00	2.98019000E+00	3.39719740E-03	8.98651930E-04
2.91866000E+00	2.92161980E+00	2.92167690E+00	2.91873000E+00	3.20524310E-03	9.01005680E-04
2.85864000E+00	2.86148340E+00	2.86154520E+00	2.85873000E+00	3.00305620E-03	8.92752570E-04
2.80003000E+00	2.80277120E+00	2.80280850E+00	2.80011000E+00	2.82033790E-03	9.03182310E-04
2.74275000E+00	2.74537630E+00	2.74541990E+00	2.74284000E+00	2.65226480E-03	8.95887240E-04
2.68680000E+00	2.68933330E+00	2.68936350E+00	2.68688000E+00	2.50686050E-03	8.88701240E-04
2.63211000E+00	2.63454910E+00	2.63458610E+00	2.63221000E+00	2.35954970E-03	8.62022710E-04
2.57870000E+00	2.58104490E+00	2.58107840E+00	2.57880000E+00	2.22550730E-03	8.62428350E-04
2.52650000E+00	2.52876000E+00	2.52878060E+00	2.52660000E+00	2.10797090E-03	8.58828940E-04
2.47550000E+00	2.47767370E+00	2.47769220E+00	2.47559000E+00	2.01294350E-03	8.43292410E-04
2.42566000E+00	2.42775550E+00	2.42776250E+00	2.42576000E+00	1.91183020E-03	8.05724790E-04
2.37698000E+00	2.37899590E+00	2.37900200E+00	2.37706000E+00	1.82303250E-03	7.78724820E-04
2.32938000E+00	2.33131630E+00	2.33133110E+00	2.32948000E+00	1.73678920E-03	7.43642240E-04
2.28288000E+00	2.28475230E+00	2.28475580E+00	2.28297000E+00	1.67756730E-03	7.18467470E-04
2.23744000E+00	2.23923910E+00	2.23924190E+00	2.23752000E+00	1.63138560E-03	6.70351050E-04
2.19308000E+00	2.19480930E+00	2.19481140E+00	2.19316000E+00	1.59588950E-03	6.15696610E-04
2.14977000E+00	2.15144090E+00	2.15143290E+00	2.14985000E+00	1.55627050E-03	5.51501850E-04
2.10750000E+00	2.10911620E+00	2.10910840E+00	2.10758000E+00	1.51831010E-03	4.96246720E-04
2.06624000E+00	2.06779320E+00	2.06778570E+00	2.06632000E+00	1.47687810E-03	4.38342270E-04
2.02596000E+00	2.02745410E+00	2.02744690E+00	2.02603000E+00	1.43725430E-03	3.85903320E-04
1.98663000E+00	1.98806550E+00	1.98805860E+00	1.98670000E+00	1.39424110E-03	3.25322420E-04
1.94822000E+00	1.94961150E+00	1.94959520E+00	1.94829000E+00	1.35257180E-03	2.72414310E-04
1.91070000E+00	1.91203700E+00	1.91202190E+00	1.91076000E+00	1.31063160E-03	2.17738410E-04
1.87404000E+00	1.87532760E+00	1.87531350E+00	1.87409000E+00	1.27265560E-03	1.76070400E-04
1.83818000E+00	1.83942780E+00	1.83942420E+00	1.83825000E+00	1.23734750E-03	1.35676400E-04
1.80314000E+00	1.80434260E+00	1.80432950E+00	1.80319000E+00	1.20644760E-03	1.06728730E-04
1.76886000E+00	1.77001620E+00	1.77001360E+00	1.76891000E+00	1.17536380E-03	7.84420080E-05
1.73534000E+00	1.73646450E+00	1.73646200E+00	1.73540000E+00	1.14605080E-03	5.89022800E-05
1.70256000E+00	1.70364160E+00	1.70363920E+00	1.70262000E+00	1.11355710E-03	3.97678220E-05
1.67050000E+00	1.67155270E+00	1.67155030E+00	1.67056000E+00	1.08134920E-03	2.75942940E-05
1.63915000E+00	1.64016270E+00	1.64016040E+00	1.63920000E+00	1.04753010E-03	1.65048540E-05
1.60847000E+00	1.60945710E+00	1.60945490E+00	1.60853000E+00	1.01473290E-03	1.02772320E-05
1.57845000E+00	1.57939980E+00	1.57939760E+00	1.57851000E+00	9.82803990E-04	5.44553420E-06
1.54906000E+00	1.54998690E+00	1.54998470E+00	1.54912000E+00	9.52770670E-04	3.10256650E-06
1.52029000E+00	1.52118200E+00	1.52117990E+00	1.52035000E+00	9.24885160E-04	1.62074800E-06
1.49213000E+00	1.49299120E+00	1.49298920E+00	1.49218000E+00	8.99128050E-04	1.01733790E-06
1.46455000E+00	1.46538820E+00	1.46538620E+00	1.46461000E+00	8.75366260E-04	6.92898900E-07
1.43756000E+00	1.43837940E+00	1.43837740E+00	1.43762000E+00	8.52700220E-04	5.99414580E-07
1.41115000E+00	1.41192860E+00	1.41192660E+00	1.41120000E+00	8.30169910E-04	5.37630400E-07
1.38529000E+00	1.38605110E+00	1.38604930E+00	1.38534000E+00	8.07367020E-04	5.39475330E-07
1.35999000E+00	1.36072190E+00	1.36072010E+00	1.36004000E+00	7.83720600E-04	5.13012220E-07
1.33524000E+00	1.33594620E+00	1.33594440E+00	1.33528000E+00	7.59872760E-04	5.24010960E-07
1.31100000E+00	1.31168890E+00	1.31168710E+00	1.31105000E+00	7.36261530E-04	4.99344350E-07
1.28728000E+00	1.28795470E+00	1.28795300E+00	1.28733000E+00	7.13614770E-04	5.11706500E-07
1.26405000E+00	1.26469950E+00	1.26469780E+00	1.26410000E+00	6.92420900E-04	4.90566480E-07
1.24130000E+00	1.24193640E+00	1.24193470E+00	1.24135000E+00	6.72834160E-04	5.03577890E-07
1.21902000E+00	1.21963280E+00	1.21963120E+00	1.21907000E+00	6.54759540E-04	4.83234150E-07
1.19720000E+00	1.19780070E+00	1.19779910E+00	1.19725000E+00	6.37870630E-04	4.94685680E-07
1.17583000E+00	1.17640860E+00	1.17640710E+00	1.17588000E+00	6.21598350E-04	4.74167890E-07
1.15491000E+00	1.15547720E+00	1.15547570E+00	1.15495000E+00	6.05669670E-04	4.85050130E-07
1.13443000E+00	1.13496680E+00	1.13496530E+00	1.13447000E+00	5.89572990E-04	4.65762790E-07
1.11438000E+00	1.11490570E+00	1.11490420E+00	1.11442000E+00	5.73436300E-04	4.78752890E-07
1.09475000E+00	1.09525690E+00	1.09525540E+00	1.09478000E+00	5.57083430E-04	4.59282840E-07
1.07553000E+00	1.07602660E+00	1.07602520E+00	1.07556000E+00	5.40781960E-04	4.70466020E-07
1.05671000E+00	1.05718900E+00	1.05718760E+00	1.05675000E+00	5.24559150E-04	4.50323690E-07
1.03828000E+00	1.03874960E+00	1.03874830E+00	1.03832000E+00	5.08656420E-04	4.63190730E-07
1.02023000E+00	1.02068310E+00	1.02068180E+00	1.02027000E+00	4.93055970E-04	4.45842880E-07
1.00255000E+00	1.00299450E+00	1.00299320E+00	1.00259000E+00	4.78259560E-04	4.58634470E-07
9.85232000E-01	9.85658110E-01	9.85656810E-01	9.85268000E-01	4.64484620E-04	4.40209480E-07
9.68258000E-01	9.68675320E-01	9.68673080E-01	9.68293000E-01	4.51870100E-04	4.50218120E-07
9.51623000E-01	9.52024740E-01	9.52023550E-01	9.51658000E-01	4.40367370E-04	4.31575920E-07
9.35320000E-01	9.35713600E-01	9.35713400E-01	9.35354000E-01	4.29653710E-04	4.43491470E-07
9.19343000E-01	9.19722860E-01	9.19721650E-01	9.19377000E-01	4.19149680E-04	4.26636650E-07
9.03686000E-01	9.04058260E-01	9.04058040E-01	9.03719000E-01	4.08728700E-04	4.37878960E-07
8.88342000E-01	8.88700330E-01	8.88699100E-01	8.88374000E-01	3.98107800E-04	4.19748570E-07
8.73302000E-01	8.73654220E-01	8.73653010E-01	8.73333000E-01	3.87557130E-04	4.30668390E-07
8.58558000E-01	8.58897130E-01	8.58895940E-01	8.58589000E-01	3.77163970E-04	4.14297260E-07
8.44102000E-01	8.44435490E-01	8.44434320E-01	8.44133000E-01	3.67077040E-04	4.25818080E-07
8.29926000E-01	8.30247170E-01	8.30246020E-01	8.29956000E-01	3.57318370E-04	4.07610720E-07
8.16021000E-01	8.16337010E-01	8.16335870E-01	8.16051000E-01	3.47935670E-04	4.17741000E-07
8.02381000E-01	8.02686340E-01	8.02685230E-01	8.02411000E-01	3.38879810E-04	4.01637790E-07
7.88999000E-01	7.89298650E-01	7.89297550E-01	7.89027000E-01	3.30239450E-04	4.13625580E-07
7.75868000E-01	7.76156570E-01	7.76155490E-01	7.75896000E-01	3.22023480E-04	3.97415560E-07
7.62983000E-01	7.63267210E-01	7.63265170E-01	7.63010000E-01	3.14233170E-04	4.08257350E-07
7.50339000E-01	7.50612660E-01	7.50612640E-01	7.50366000E-01	3.06857950E-04	3.91273270E-07
7.37933000E-01	7.38202640E-01	7.38201610E-01	7.37960000E-01	2.99793400E-04	4.02018620E-07
7.25761000E-01	7.26020560E-01	7.26020520E-01	7.25787000E-01	2.92904410E-04	3.85747470E-07
7.13820000E-01	7.14076790E-01	7.14075740E-01	7.13847000E-01	2.86052760E-04	3.96564420E-07
7.02108000E-01	7.02354180E-01	7.02354120E-01	7.02133000E-01	2.79172470E-04	3.81145450E-07
6.90620000E-01	6.90862640E-01	6.90861570E-01	6.90645000E-01	2.72230420E-04	3.92259760E-07
6.79352000E-01	6.79585480E-01	6.79585400E-01	6.79376000E-01	2.65249520E-04	3.75627850E-07
6.68301000E-01	6.68531190E-01	6.68530090E-01	6.68325000E-01	2.58266320E-04	3.85191790E-07
6.57461000E-01	6.57683450E-01	6.57682380E-01	6.57485000E-01	2.51393220E-04	3.69406250E-07
6.46828000E-01	6.47047410E-01	6.47046350E-01	6.46852000E-01	2.44707040E-04	3.80209460E-07
6.36397000E-01	6.36608110E-01	6.36608040E-01	6.36420000E-01	2.38428110E-04	3.65361240E-07
6.26163000E-01	6.26371340E-01	6.26370260E-01	6.26186000E-01	2.32536330E-04	3.74815500E-07
6.16122000E-01	6.16323370E-01	6.16322300E-01	6.16144000E-01	2.27147060E-04	3.57866840E-07
6.06270000E-01	6.06467850E-01	6.06466810E-01	6.06292000E-01	2.22066870E-04	3.67330370E-07
5.96603000E-01	5.96794170E-01	5.96793140E-01	5.96625000E-01	2.17275210E-04	3.51851880E-07
5.87118000E-01	5.87305900E-01	5.87304880E-01	5.87139000E-01	2.12574600E-04	3.62430650E-07
5.77811000E-01	5.77991510E-01	5.77991490E-01	5.77831000E-01	2.07989690E-04	3.46931120E-07
5.68677000E-01	5.68856470E-01	5.68855440E-01	5.68698000E-01	2.03468060E-04	3.57485080E-07
5.59715000E-01	5.59887380E-01	5.59887340E-01	5.59735000E-01	1.99145550E-04	3.42952260E-07
5.50920000E-01	5.51090530E-01	5.51089480E-01	5.50939000E-01	1.94877100E-04	3.52410030E-07
5.42288000E-01	5.42451730E-01	5.42451670E-01	5.42307000E-01	1.90758840E-04	3.38208760E-07
5.33816000E-01	5.33979020E-01	5.33976980E-01	5.33835000E-01	1.86520760E-04	3.48889320E-07
5.25501000E-01	5.25657480E-01	5.25657450E-01	5.25520000E-01	1.82138160E-04	3.35511340E-07
5.17339000E-01	5.17493970E-01	5.17492940E-01	5.17358000E-01	1.77509530E-04	3.46796100E-07
5.09326000E-01	5.09475670E-01	5.09474660E-01	5.09344000E-01	1.72761930E-04	3.32818030E-07
5.01458000E-01	5.01605350E-01	5.01604350E-01	5.01476000E-01	1.67914760E-04	3.44153320E-07
4.93730000E-01	4.93872300E-01	4.93871310E-01	4.93747000E-01	1.63226110E-04	3.32094910E-07
4.86138000E-01	4.86279160E-01	4.86277210E-01	4.86155000E-01	1.58705930E-04	3.42153490E-07
4.78677000E-01	4.78813330E-01	4.78812420E-01	4.78694000E-01	1.54594820E-04	3.28037290E-07
4.71346000E-01	4.71481320E-01	4.71480420E-01	4.71363000E-01	1.50726410E-04	3.38189130E-07
4.64141000E-01	4.64271730E-01	4.64270840E-01	4.64158000E-01	1.47165820E-04	3.25731360E-07
4.57060000E-01	4.57188840E-01	4.57187970E-01	4.57076000E-01	1.43786050E-04	3.35554100E-07
4.50100000E-01	4.50224410E-01	4.50223550E-01	4.50117000E-01	1.40663670E-04	3.22226000E-07
4.43260000E-01	4.43383610E-01	4.43382760E-01	4.43276000E-01	1.37691840E-04	3.32654810E-07
4.36538000E-01	4.36656370E-01	4.36655540E-01	4.36554000E-01	1.34937540E-04	3.19784160E-07
4.29931000E-01	4.30048640E-01	4.30047820E-01	4.29947000E-01	1.32289760E-04	3.28769110E-07
4.23439000E-01	4.23552560E-01	4.23550770E-01	4.23454000E-01	1.29813600E-04	3.14672670E-07
4.17059000E-01	4.17170910E-01	4.17170150E-01	4.17073000E-01	1.27393000E-04	3.22861320E-07
4.10789000E-01	4.10896980E-01	4.10896240E-01	4.10804000E-01	1.25043230E-04	3.09490940E-07
4.04628000E-01	4.04735420E-01	4.04734680E-01	4.04642000E-01	1.22699040E-04	3.18288250E-07
3.98573000E-01	3.98676670E-01	3.98675940E-01	3.98587000E-01	1.20392300E-04	3.05230920E-07
3.92623000E-01	3.92726160E-01	3.92725440E-01	3.92637000E-01	1.18049270E-04	3.13397820E-07
3.86776000E-01	3.86874580E-01	3.86873870E-01	3.86789000E-01	1.15693960E-04	2.99786440E-07
3.81028000E-01	3.81126140E-01	3.81125450E-01	3.81042000E-01	1.13284660E-04	3.08224940E-07
3.75379000E-01	3.75473680E-01	3.75472990E-01	3.75392000E-01	1.10827540E-04	2.95320890E-07
3.69825000E-01	3.69919360E-01	3.69918680E-01	3.69838000E-01	1.08318880E-04	3.02745380E-07
3.64366000E-01	3.64456010E-01	3.64455340E-01	3.64379000E-01	1.05774120E-04	2.91703610E-07
3.58998000E-01	3.59087760E-01	3.59087090E-01	3.59010000E-01	1.03300540E-04	3.01034300E-07
3.53720000E-01	3.53806540E-01	3.53805880E-01	3.53732000E-01	1.00999650E-04	2.89247220E-07
3.48531000E-01	3.48616350E-01	3.48615700E-01	3.48543000E-01	9.88913140E-05	2.96326990E-07
3.43429000E-01	3.43511220E-01	3.43510580E-01	3.43441000E-01	9.69591870E-05	2.84492690E-07
3.38414000E-01	3.38496070E-01	3.38495440E-01	3.38426000E-01	9.51420890E-05	2.94392480E-07
3.33486000E-01	3.33565020E-01	3.33564390E-01	3.33498000E-01	9.33201210E-05	2.84377110E-07
3.28644000E-01	3.28722900E-01	3.28722290E-01	3.28656000E-01	9.14675090E-05	2.94606100E-07
3.23887000E-01	3.23962950E-01	3.23962340E-01	3.23899000E-01	8.94523420E-05	2.83940430E-07
3.19215000E-01	3.19290860E-01	3.19290260E-01	3.19226000E-01	8.74150580E-05	2.93527540E-07
3.14626000E-01	3.14698040E-01	3.14697440E-01	3.14637000E-01	8.53561020E-05	2.82999430E-07
3.10117000E-01	3.10188980E-01	3.10188390E-01	3.10128000E-01	8.33939570E-05	2.90531100E-07
3.05688000E-01	3.05757250E-01	3.05756670E-01	3.05698000E-01	8.14921790E-05	2.79977190E-07
3.01335000E-01	3.01404290E-01	3.01403710E-01	3.01345000E-01	7.97036960E-05	2.87982590E-07
2.97057000E-01	2.97123640E-01	2.97123070E-01	2.97068000E-01	7.78729440E-05	2.78856460E-07
2.92852000E-01	2.92917750E-01	2.92917190E-01	2.92862000E-01	7.61012690E-05	2.87957820E-07
2.88716000E-01	2.88779210E-01	2.88778650E-01	2.88726000E-01	7.42887090E-05	2.77866100E-07
2.84647000E-01	2.84710380E-01	2.84709830E-01	2.84657000E-01	7.26178490E-05	2.85827910E-07
2.80642000E-01	2.80702960E-01	2.80702420E-01	2.80652000E-01	7.10508870E-05	2.75004540E-07
2.76699000E-01	2.76760180E-01	2.76759640E-01	2.76709000E-01	6.97339280E-05	2.81355660E-07
2.72816000E-01	2.72873870E-01	2.72873340E-01	2.72825000E-01	6.85703190E-05	2.69393410E-07
2.68991000E-01	2.69049090E-01	2.69048570E-01	2.69000000E-01	6.76058210E-05	2.77243620E-07
2.65222000E-01	2.65277890E-01	2.65277370E-01	2.65232000E-01	6.66647510E-05	2.67894540E-07
2.61510000E-01	2.61566110E-01	2.61565590E-01	2.61519000E-01	6.57943590E-05	2.74171060E-07
2.57854000E-01	2.57907970E-01	2.57907460E-01	2.57863000E-01	6.48002370E-05	2.64193580E-07
2.54252000E-01	2.54306230E-01	2.54305720E-01	2.54261000E-01	6.37586970E-05	2.71471340E-07
2.50706000E-01	2.50757130E-01	2.50756630E-01	2.50714000E-01	6.24947680E-05	2.60637450E-07
2.47213000E-01	2.47265390E-01	2.47264890E-01	2.47222000E-01	6.11334690E-05	2.65966950E-07
2.43775000E-01	2.43824360E-01	2.43823880E-01	2.43783000E-01	5.95842820E-05	2.53756680E-07
2.40389000E-01	2.40438630E-01	2.40437160E-01	2.40397000E-01	5.80490670E-05	2.61263570E-07
2.37055000E-01	2.37102630E-01	2.37102190E-01	2.37063000E-01	5.64864390E-05	2.51917570E-07
2.33773000E-01	2.33819960E-01	2.33819520E-01	2.33781000E-01	5.50575860E-05	2.61202630E-07
2.30541000E-01	2.30586990E-01	2.30586550E-01	2.30549000E-01	5.37128090E-05	2.51413130E-07
2.27361000E-01	2.27406350E-01	2.27405920E-01	2.27369000E-01	5.25643740E-05	2.56775000E-07
2.24231000E-01	2.24274400E-01	2.24273970E-01	2.24238000E-01	5.15205430E-05	2.46757760E-07
2.21151000E-01	2.21194780E-01	2.21194360E-01	2.21158000E-01	5.06928220E-05	2.55387760E-07
2.18121000E-01	2.18163860E-01	2.18163440E-01	2.18129000E-01	5.00159870E-05	2.47930540E-07
2.15142000E-01	2.15184270E-01	2.15183860E-01	2.15150000E-01	4.95439080E-05	2.54046700E-07
2.12213000E-01	2.12253350E-01	2.12253920E-01	2.12221000E-01	4.91856660E-05	2.43039440E-07
2.09335000E-01	2.09375800E-01	2.09375360E-01	2.09342000E-01	4.88485970E-05	2.49329820E-07
2.06506000E-01	2.06544920E-01	2.06544490E-01	2.06513000E-01	4.83205490E-05	2.40590760E-07
2.03727000E-01	2.03766350E-01	2.03765920E-01	2.03734000E-01	4.75751960E-05	2.50308930E-07
2.00995000E-01	2.01032570E-01	2.01032140E-01	2.01002000E-01	4.65155660E-05	2.41020010E-07
1.98310000E-01	1.98347010E-01	1.98346580E-01	1.98316000E-01	4.53457530E-05	2.47293850E-07
1.95667000E-01	1.95702310E-01	1.95701890E-01	1.95674000E-01	4.41855880E-05	2.38131700E-07
1.93065000E-01	1.93101770E-01	1.93100370E-01	1.93072000E-01	4.31398650E-05	2.45499280E-07
1.90503000E-01	1.90537140E-01	1.90536760E-01	1.90509000E-01	4.23041980E-05	2.34244290E-07
1.87978000E-01	1.88012630E-01	1.88012250E-01	1.87984000E-01	4.16064930E-05	2.39942520E-07
1.85490000E-01	1.85523040E-01	1.85522670E-01	1.85496000E-01	4.09938360E-05	2.30481760E-07
1.83038000E-01	1.83071550E-01	1.83071180E-01	1.83044000E-01	4.04145820E-05	2.40670410E-07
1.80622000E-01	1.80653010E-01	1.80652650E-01	1.80628000E-01	3.98707740E-05	2.34496640E-07
1.78241000E-01	1.78273480E-01	1.78272130E-01	1.78247000E-01	3.92468590E-05	2.41996540E-07
1.75896000E-01	1.75925990E-01	1.75925660E-01	1.75901000E-01	3.85337470E-05	2.31643610E-07
1.73586000E-01	1.73616450E-01	1.73616130E-01	1.73592000E-01	3.76115300E-05	2.38155850E-07
1.71311000E-01	1.71340010E-01	1.71339680E-01	1.71316000E-01	3.64720440E-05	2.29739090E-07
1.69069000E-01	1.69099490E-01	1.69099160E-01	1.69075000E-01	3.51023540E-05	2.39540710E-07
1.66861000E-01	1.66890080E-01	1.66889760E-01	1.66867000E-01	3.36342570E-05	2.32084440E-07
1.64684000E-01	1.64713590E-01	1.64713270E-01	1.64690000E-01	3.21700760E-05	2.39193560E-07
1.62537000E-01	1.62564240E-01	1.62563930E-01	1.62542000E-01	3.09766460E-05	2.30744920E-07
1.60418000E-01	1.60446730E-01	1.60446420E-01	1.60423000E-01	3.01007080E-05	2.39151150E-07
1.58327000E-01	1.58354460E-01	1.58354150E-01	1.58332000E-01	2.97758630E-05	2.31300450E-07
1.56264000E-01	1.56291930E-01	1.56291620E-01	1.56269000E-01	2.98099930E-05	2.38280570E-07
1.54230000E-01	1.54255670E-01	1.54255370E-01	1.54235000E-01	3.02323980E-05	2.27134520E-07
1.52224000E-01	1.52251110E-01	1.52250800E-01	1.52229000E-01	3.06456630E-05	2.33974520E-07
1.50249000E-01	1.50274880E-01	1.50273590E-01	1.50254000E-01	3.09153790E-05	2.24908040E-07
1.48305000E-01	1.48330280E-01	1.48330010E-01	1.48309000E-01	3.08153480E-05	2.32477010E-07
1.46390000E-01	1.46414100E-01	1.46413830E-01	1.46395000E-01	3.03813470E-05	2.23540490E-07
1.44504000E-01	1.44528510E-01	1.44528250E-01	1.44509000E-01	2.96504140E-05	2.29263500E-07
1.42645000E-01	1.42668380E-01	1.42668120E-01	1.42650000E-01	2.89235790E-05	2.17302690E-07
1.40812000E-01	1.40835810E-01	1.40835550E-01	1.40817000E-01	2.81915300E-05	2.22462720E-07
1.39004000E-01	1.39026720E-01	1.39026450E-01	1.39008000E-01	2.77053030E-05	2.14179270E-07
1.37219000E-01	1.37242180E-01	1.37241920E-01	1.37223000E-01	2.73701080E-05	2.21138630E-07
1.35458000E-01	1.35480080E-01	1.35479820E-01	1.35462000E-01	2.73666520E-05	2.11768680E-07
1.33721000E-01	1.33743540E-01	1.33743280E-01	1.33725000E-01	2.74552650E-05	2.17096060E-07
1.32010000E-01	1.32030440E-01	1.32030190E-01	1.32014000E-01	2.76724720E-05	2.06566750E-07
1.30325000E-01	1.30346850E-01	1.30346600E-01	1.30330000E-01	2.75742680E-05	2.13469170E-07
1.28668000E-01	1.28688790E-01	1.28688540E-01	1.28673000E-01	2.70109640E-05	2.05232410E-07
1.27039000E-01	1.27060190E-01	1.27059930E-01	1.27044000E-01	2.58845960E-05	2.12045130E-07
1.25438000E-01	1.25457150E-01	1.25457890E-01	1.25442000E-01	2.43313670E-05	2.03041760E-07
1.23862000E-01	1.23881590E-01	1.23881310E-01	1.23866000E-01	2.26787220E-05	2.10163170E-07
1.22310000E-01	1.22328570E-01	1.22329280E-01	1.22314000E-01	2.14382300E-05	2.03251690E-07
1.20782000E-01	1.20801040E-01	1.20800730E-01	1.20785000E-01	2.06616850E-05	2.11830040E-07
1.19276000E-01	1.19294030E-01	1.19293730E-01	1.19279000E-01	2.05767140E-05	2.05550260E-07
1.17793000E-01	1.17811480E-01	1.17811180E-01	1.17797000E-01	2.08357360E-05	2.12435050E-07
1.16335000E-01	1.16352460E-01	1.16352170E-01	1.16338000E-01	2.12663060E-05	2.03327370E-07
1.14901000E-01	1.14918930E-01	1.14919620E-01	1.14905000E-01	2.15193050E-05	2.11109210E-07
1.13493000E-01	1.13509920E-01	1.13510580E-01	1.13497000E-01	2.13997640E-05	2.05358680E-07
1.12110000E-01	1.12127390E-01	1.12127050E-01	1.12113000E-01	2.08551970E-05	2.13227640E-07
1.10749000E-01	1.10765420E-01	1.10765070E-01	1.10752000E-01	1.99129050E-05	2.05905050E-07
1.09407000E-01	1.09423930E-01	1.09423590E-01	1.09411000E-01	1.89001010E-05	2.11329300E-07
1.08083000E-01	1.08098980E-01	1.08098640E-01	1.08086000E-01	1.81606850E-05	2.02336980E-07
1.06774000E-01	1.06790530E-01	1.06789210E-01	1.06777000E-01	1.79177250E-05	2.08754620E-07
1.05477000E-01	1.05492610E-01	1.05492310E-01	1.05480000E-01	1.83722390E-05	2.01024150E-07
1.04194000E-01	1.04210160E-01	1.04209860E-01	1.04197000E-01	1.91477390E-05	2.06277350E-07
1.02925000E-01	1.02940250E-01	1.02939950E-01	1.02928000E-01	1.98712720E-05	1.97529930E-07
1.01671000E-01	1.01686780E-01	1.01686480E-01	1.01674000E-01	2.01537180E-05	2.02030970E-07
1.00432000E-01	1.00446880E-01	1.00445600E-01	1.00435000E-01	1.95737840E-05	1.94661080E-07
9.92070000E-02	9.92220990E-02	9.92213390E-02	9.92101990E-02	1.84963110E-05	1.99871230E-07
9.79949000E-02	9.80090380E-02	9.80083910E-02	9.79978990E-02	1.71398780E-05	1.91228620E-07
9.67943000E-02	9.68089720E-02	9.68078450E-02	9.67969990E-02	1.60564870E-05	1.95319860E-07
9.56042000E-02	9.56179240E-02	9.56173160E-02	9.56070990E-02	1.55838490E-05	1.87204540E-07
9.44258000E-02	9.44399500E-02	9.44392550E-02	9.44285990E-02	1.55811890E-05	1.94416080E-07
9.32603000E-02	9.32735930E-02	9.32731090E-02	9.32632990E-02	1.57272900E-05	1.88483950E-07
9.21100000E-02	9.21236910E-02	9.21235120E-02	9.21131990E-02	1.57260910E-05	1.94930850E-07
9.09766000E-02	9.09894270E-02	9.09889530E-02	9.09795990E-02	1.50863460E-05	1.89371000E-07
8.98602000E-02	8.98736120E-02	8.98732450E-02	8.98633990E-02	1.41859930E-05	1.95217430E-07
8.87611000E-02	8.87735620E-02	8.87732010E-02	8.87641990E-02	1.30868040E-05	1.88782690E-07
8.76785000E-02	8.76914510E-02	8.76907010E-02	8.76811990E-02	1.24215720E-05	1.95781400E-07
8.66118000E-02	8.66239100E-02	8.66234730E-02	8.66147990E-02	1.24400040E-05	1.91101570E-07
8.55623000E-02	8.55747870E-02	8.55741600E-02	8.55649990E-02	1.31498960E-05	1.98018830E-07
8.45309000E-02	8.45425380E-02	8.45421210E-02	8.45338990E-02	1.42129980E-05	1.92200940E-07
8.35195000E-02	8.35313950E-02	8.35314800E-02	8.35225990E-02	1.51757860E-05	1.97389260E-07
8.25290000E-02	8.25400530E-02	8.25397370E-02	8.25318990E-02	1.52870630E-05	1.91542820E-07
8.15583000E-02	8.15697150E-02	8.15696010E-02	8.15610990E-02	1.50380110E-05	1.98075820E-07
8.06057000E-02	8.06163080E-02	8.06160950E-02	8.06086990E-02	1.44833440E-05	1.91993780E-07
7.96694000E-02	7.96802920E-02	7.96797860E-02	7.96716990E-02	1.44061040E-05	1.95488500E-07
7.87472000E-02	7.87572120E-02	7.87571100E-02	7.87500990E-02	1.51008040E-05	1.86682630E-07
7.78395000E-02	7.78498990E-02	7.78499940E-02	7.78423990E-02	1.60678430E-05	1.89400000E-07
7.69465000E-02	7.69561290E-02	7.69560220E-02	7.69494990E-02	1.65043390E-05	1.83257880E-07
7.60676000E-02	7.60776180E-02	7.60780030E-02	7.60707990E-02	1.62656070E-05	1.86749800E-07
7.52018000E-02	7.52109810E-02	7.52110580E-02	7.52046990E-02	1.48738860E-05	1.77967680E-07
7.43461000E-02	7.43557960E-02	7.43555710E-02	7.43484990E-02	1.32969270E-05	1.82105180E-07
7.34976000E-02	7.35065990E-02	7.35065730E-02	7.35003990E-02	1.20121960E-05	1.74847570E-07
7.26552000E-02	7.26647280E-02	7.26645030E-02	7.26575990E-02	1.11577470E-05	1.80087310E-07
7.18178000E-02	7.18266470E-02	7.18267210E-02	7.18205990E-02	1.05139380E-05	1.73847480E-07
7.09859000E-02	7.09952730E-02	7.09957370E-02	7.09888990E-02	9.68272120E-06	1.78715540E-07
7.01597000E-02	7.01684080E-02	7.01685590E-02	7.01624990E-02	8.03605590E-06	1.71843740E-07
6.93382000E-02	6.93474340E-02	6.93473810E-02	6.93405990E-02	6.42997530E-06	1.76921400E-07
6.85204000E-02	6.85289830E-02	6.85292240E-02	6.85230990E-02	5.29013360E-06	1.70564100E-07
6.77074000E-02	6.77164990E-02	6.77161380E-02	6.77093990E-02	5.20037450E-06	1.75995080E-07
6.69001000E-02	6.69085280E-02	6.69089620E-02	6.69027990E-02	6.36293660E-06	1.72664260E-07
6.61030000E-02	6.61119040E-02	6.61125210E-02	6.61058990E-02	7.90658900E-06	1.81610510E-07
6.53196000E-02	6.53277030E-02	6.53281040E-02	6.53221990E-02	8.90794150E-06	1.78477510E-07
6.45517000E-02	6.45602450E-02	6.45607310E-02	6.45543990E-02	9.67683070E-06	1.86772320E-07
6.38006000E-02	6.38084400E-02	6.38087110E-02	6.38030990E-02	1.03194510E-05	1.82606900E-07
6.30665000E-02	6.30747720E-02	6.30747360E-02	6.30687990E-02	1.12626060E-05	1.90121970E-07
6.23495000E-02	6.23568680E-02	6.23570260E-02	6.23516990E-02	1.27904680E-05	1.86494680E-07
6.16495000E-02	6.16573970E-02	6.16580410E-02	6.16523990E-02	1.40022140E-05	1.94801580E-07
6.09668000E-02	6.09738160E-02	6.09738470E-02	6.09688990E-02	1.42552220E-05	1.91564760E-07
6.02975000E-02	6.03049700E-02	6.03053900E-02	6.03000990E-02	1.38077870E-05	2.01105650E-07
5.96391000E-02	5.96457410E-02	5.96458500E-02	5.96409990E-02	1.30313350E-05	1.96816410E-07
5.89863000E-02	5.89935420E-02	5.89939390E-02	5.89888990E-02	1.18137500E-05	2.02197990E-07
5.83362000E-02	5.83427670E-02	5.83427550E-02	5.83381990E-02	1.02608060E-05	1.89270950E-07
5.76835000E-02	5.76907130E-02	5.76911900E-02	5.76862990E-02	8.27762040E-06	1.84119170E-07
5.70259000E-02	5.70324870E-02	5.70323550E-02	5.70278990E-02	5.84794530E-06	1.65515700E-07
5.63597000E-02	5.63670520E-02	5.63662260E-02	5.63613990E-02	4.20944920E-06	1.55936740E-07
5.56850000E-02	5.56916220E-02	5.56914020E-02	5.56868990E-02	4.14672720E-06	1.26117180E-07
5.50056000E-02	5.50128430E-02	5.50123270E-02	5.50075990E-02	5.07267490E-06	1.00475430E-07
5.43271000E-02	5.43337480E-02	5.43334370E-02	5.43290990E-02	6.33513000E-06	6.17509540E-08
5.36560000E-02	5.36631910E-02	5.36629810E-02	5.36583990E-02	7.46466690E-06	5.14085140E-08
5.29985000E-02	5.30050340E-02	5.30049230E-02	5.30007990E-02	8.25822050E-06	6.08000110E-08
5.23597000E-02	5.23668130E-02	5.23664020E-02	5.23618990E-02	8.56769610E-06	1.15225420E-07
5.17430000E-02	5.17496180E-02	5.17499040E-02	5.17455990E-02	9.31078600E-06	1.57206650E-07
5.11528000E-02	5.11598610E-02	5.11594440E-02	5.11548990E-02	8.96492100E-06	2.05895260E-07
5.05883000E-02	5.05951610E-02	5.05957370E-02	5.05911990E-02	9.13171470E-06	2.29534610E-07
5.00523000E-02	5.00597020E-02	5.00587760E-02	5.00537990E-02	8.09554150E-06	3.01268890E-07
4.95399000E-02	4.95468280E-02	4.95473030E-02	4.95426990E-02	8.81354630E-06	3.73409380E-07
4.90519000E-02	4.90590940E-02	4.90583660E-02	4.90538990E-02	7.86840860E-06	4.85444370E-07
4.85823000E-02	4.85881710E-02	4.85878510E-02	4.85843990E-02	7.97091860E-06	4.27117270E-07
4.81261000E-02	4.81309040E-02	4.81304870E-02	4.81282990E-02	7.45508940E-06	1.90272950E-07
4.76758000E-02	4.76788580E-02	4.76775560E-02	4.76768990E-02	7.00792120E-06	-7.86075310E-08
4.72225000E-02	4.72255640E-02	4.72260670E-02	4.72256990E-02	6.88763630E-06	-2.22390000E-07
4.67670000E-02	4.67691620E-02	4.67670780E-02	4.67674990E-02	5.76306360E-06	-9.62453920E-08
4.62965000E-02	4.63016190E-02	4.63018520E-02	4.62996990E-02	7.44578460E-06	2.21522190E-07
4.58130000E-02	4.58195880E-02	4.58174380E-02	4.58138990E-02	7.19517390E-06	3.61883080E-07
4.53079000E-02	4.53167800E-02	4.53159590E-02	4.53102990E-02	6.08023290E-06	1.72489430E-07
4.47879000E-02	4.47966190E-02	4.47962080E-02	4.47906990E-02	2.87960910E-06	-9.75527450E-08
4.42519000E-02	4.42601260E-02	4.42598200E-02	4.42541990E-02	2.49264260E-06	-2.04239690E-07
4.36809000E-02	4.36869750E-02	4.36885520E-02	4.36847990E-02	5.39529240E-06	-1.28517220E-08
4.30592000E-02	4.30641850E-02	4.30640410E-02	4.30607990E-02	5.53216730E-06	2.82232750E-07
4.24048000E-02	4.24094740E-02	4.24087370E-02	4.24062990E-02	6.07661460E-06	3.20976750E-07
4.17967000E-02	4.18015120E-02	4.17998970E-02	4.17976990E-02	7.23250010E-06	3.20771250E-07
4.12952000E-02	4.12976360E-02	4.12961520E-02	4.12957990E-02	6.55418620E-06	4.74110300E-07
4.08810000E-02	4.08824760E-02	4.08820100E-02	4.08818990E-02	7.60539050E-06	5.23985080E-07
4.04982000E-02	4.05000290E-02	4.05015490E-02	4.05010990E-02	7.06928640E-06	2.52697870E-07
4.01201000E-02	4.01240210E-02	4.01237240E-02	4.01212990E-02	3.38542650E-06	-8.46679040E-09
3.97410000E-02	3.97467020E-02	3.97482880E-02	3.97447990E-02	3.17108110E-06	-7.41386280E-08
3.93713000E-02	3.93786380E-02	3.93775150E-02	3.93725990E-02	4.46287520E-06	1.36957170E-07
3.90010000E-02	3.90082700E-02	3.90082560E-02	3.90036990E-02	6.03530090E-06	3.84708280E-07
3.86274000E-02	3.86335690E-02	3.86332540E-02	3.86294990E-02	6.03626550E-06	3.55555730E-07
3.82454000E-02	3.82491350E-02	3.82481320E-02	3.82469990E-02	4.95085340E-06	8.28277690E-08
3.78521000E-02	3.78554300E-02	3.78559290E-02	3.78549990E-02	5.82705550E-06	-1.52082660E-07
3.74505000E-02	3.74525110E-02	3.74511170E-02	3.74515990E-02	5.11832760E-06	-2.16192360E-07
3.70346000E-02	3.70374130E-02	3.70378260E-02	3.70372990E-02	6.00735720E-06	-9.89832040E-08
3.66106000E-02	3.66136780E-02	3.66125950E-02	3.66117990E-02	5.44450640E-06	1.20756830E-07
3.61787000E-02	3.61829460E-02	3.61831690E-02	3.61810990E-02	6.12557520E-06	2.37920840E-07
3.57466000E-02	3.57506640E-02	3.57502860E-02	3.57482990E-02	5.99802790E-06	2.62266770E-07
3.53164000E-02	3.53212880E-02	3.53210140E-02	3.53180990E-02	5.86593310E-06	2.68698920E-07
3.48930000E-02	3.48974640E-02	3.48975890E-02	3.48950990E-02	6.34190660E-06	2.58065490E-07
3.44810000E-02	3.44856460E-02	3.44855670E-02	3.44826990E-02	6.51008130E-06	2.70191650E-07
3.40831000E-02	3.40871890E-02	3.40876030E-02	3.40851990E-02	6.99262020E-06	2.51379860E-07
3.37036000E-02	3.37078370E-02	3.37077450E-02	3.37050990E-02	6.70557640E-06	2.23897950E-07
3.33431000E-02	3.33466650E-02	3.33470670E-02	3.33449990E-02	6.94228990E-06	1.65682000E-07
3.30034000E-02	3.30072050E-02	3.30073970E-02	3.30051000E-02	6.42569850E-06	1.29589130E-07
3.26833000E-02	3.26865450E-02	3.26868300E-02	3.26850000E-02	5.64762370E-06	9.90238350E-08
3.23809000E-02	3.23844070E-02	3.23845830E-02	3.23824000E-02	3.96692070E-06	9.98991640E-08
3.20912000E-02	3.20941010E-02	3.20942700E-02	3.20927000E-02	1.96977370E-06	9.66182220E-08
3.18086000E-02	3.18119180E-02	3.18111890E-02	3.18092000E-02	6.22037410E-08	1.07360020E-07
3.15254000E-02	3.15281790E-02	3.15282540E-02	3.15268000E-02	-4.94088210E-07	1.08325540E-07
3.12380000E-02	3.12412440E-02	3.12411160E-02	3.12393000E-02	-2.78785310E-07	1.21946490E-07
3.09427000E-02	3.09455420E-02	3.09456120E-02	3.09440000E-02	3.61709900E-07	1.25544240E-07
3.06381000E-02	3.06413240E-02	3.06412890E-02	3.06394000E-02	1.20838730E-06	1.41430730E-07
3.03236000E-02	3.03262290E-02	3.03262910E-02	3.03247000E-02	2.30689580E-06	1.41245210E-07
2.99995000E-02	3.00027010E-02	3.00026600E-02	3.00007000E-02	3.48106740E-06	1.48921770E-07
2.96677000E-02	2.96704910E-02	2.96704470E-02	2.96688000E-02	4.92511590E-06	1.45927160E-07
2.93306000E-02	2.93339340E-02	2.93342830E-02	2.93323000E-02	5.99210270E-06	1.54264740E-07
2.89919000E-02	2.89947010E-02	2.89946440E-02	2.89929000E-02	6.34817610E-06	1.51316380E-07
2.86532000E-02	2.86564130E-02	2.86563530E-02	2.86543000E-02	6.20413330E-06	1.57693440E-07
2.83167000E-02	2.83194610E-02	2.83194000E-02	2.83176000E-02	6.28184650E-06	1.50731140E-07
2.79845000E-02	2.79876500E-02	2.79876850E-02	2.79856000E-02	6.32279460E-06	1.55131600E-07
2.76592000E-02	2.76617790E-02	2.76618100E-02	2.76600000E-02	6.42155030E-06	1.49368640E-07
2.73426000E-02	2.73455450E-02	2.73460670E-02	2.73440000E-02	6.04468120E-06	1.53921630E-07
2.70368000E-02	2.70392680E-02	2.70393790E-02	2.70375000E-02	4.89571260E-06	1.47125180E-07
2.67407000E-02	2.67436340E-02	2.67436400E-02	2.67415000E-02	3.40062100E-06	1.51433190E-07
2.64534000E-02	2.64556710E-02	2.64558710E-02	2.64541000E-02	2.34353620E-06	1.43561210E-07
2.61735000E-02	2.61762470E-02	2.61761420E-02	2.61741000E-02	1.75472290E-06	1.45877700E-07
2.59001000E-02	2.59023940E-02	2.59025850E-02	2.59009000E-02	1.86831510E-06	1.37528220E-07
2.56332000E-02	2.56358730E-02	2.56361550E-02	2.56343000E-02	2.16147970E-06	1.38445670E-07
2.53730000E-02	2.53752230E-02	2.53751990E-02	2.53738000E-02	2.18168390E-06	1.30803970E-07
2.51185000E-02	2.51210040E-02	2.51208780E-02	2.51193000E-02	2.03768790E-06	1.36115860E-07
2.48685000E-02	2.48705660E-02	2.48704380E-02	2.48693000E-02	1.98150700E-06	1.31441170E-07
2.46221000E-02	2.46244560E-02	2.46240290E-02	2.46226000E-02	2.21842690E-06	1.35523850E-07
2.43780000E-02	2.43799250E-02	2.43798000E-02	2.43788000E-02	3.06462910E-06	1.30019260E-07
2.41368000E-02	2.41391130E-02	2.41390860E-02	2.41378000E-02	4.06183470E-06	1.34463210E-07
2.38993000E-02	2.39011800E-02	2.39010500E-02	2.39002000E-02	4.73744540E-06	1.29854880E-07
2.36655000E-02	2.36676650E-02	2.36677310E-02	2.36665000E-02	4.95266130E-06	1.33551850E-07
2.34354000E-02	2.34370380E-02	2.34369010E-02	2.34361000E-02	4.57349220E-06	1.28592010E-07
2.32078000E-02	2.32098270E-02	2.32093910E-02	2.32082000E-02	4.05313910E-06	1.32902370E-07
2.29814000E-02	2.29829110E-02	2.29827770E-02	2.29820000E-02	3.88522510E-06	1.29881940E-07
2.27561000E-02	2.27580020E-02	2.27576690E-02	2.27565000E-02	3.99292510E-06	1.37298080E-07
2.25319000E-02	2.25333870E-02	2.25331550E-02	2.25324000E-02	4.24448600E-06	1.35360830E-07
2.23096000E-02	2.23114700E-02	2.23114370E-02	2.23103000E-02	4.35240570E-06	1.41666050E-07
2.20901000E-02	2.20915520E-02	2.20913170E-02	2.20906000E-02	3.92181480E-06	1.36714650E-07
2.18730000E-02	2.18749320E-02	2.18747970E-02	2.18735000E-02	3.17848270E-06	1.40492350E-07
2.16579000E-02	2.16595240E-02	2.16592880E-02	2.16585000E-02	2.28024910E-06	1.34990720E-07
2.14439000E-02	2.14460080E-02	2.14454760E-02	2.14443000E-02	1.54323440E-06	1.38964220E-07
2.12300000E-02	2.12318060E-02	2.12313790E-02	2.12307000E-02	1.19504490E-06	1.33915570E-07
2.10164000E-02	2.10184900E-02	2.10180670E-02	2.10169000E-02	1.21001000E-06	1.36385830E-07
2.08031000E-02	2.08048870E-02	2.08043690E-02	2.08038000E-02	1.42892290E-06	1.30428130E-07
2.05908000E-02	2.05928640E-02	2.05927490E-02	2.05916000E-02	1.68393570E-06	1.34812510E-07
2.03803000E-02	2.03819610E-02	2.03816460E-02	2.03810000E-02	1.65356960E-06	1.30207020E-07
2.01713000E-02	2.01732360E-02	2.01731220E-02	2.01721000E-02	1.47670320E-06	1.35029470E-07
1.99635000E-02	1.99651390E-02	1.99648250E-02	1.99643000E-02	1.16763330E-06	1.29697570E-07
1.97561000E-02	1.97581190E-02	1.97577080E-02	1.97567000E-02	1.03119260E-06	1.32414070E-07
1.95484000E-02	1.95500290E-02	1.95497210E-02	1.95492000E-02	1.26314450E-06	1.28203660E-07
1.93406000E-02	1.93426060E-02	1.93421020E-02	1.93413000E-02	1.84458920E-06	1.31856660E-07
1.91332000E-02	1.91348100E-02	1.91343110E-02	1.91340000E-02	2.62031580E-06	1.27232690E-07
1.89271000E-02	1.89290770E-02	1.89286830E-02	1.89280000E-02	3.37837830E-06	1.30947500E-07
1.87237000E-02	1.87252720E-02	1.87246840E-02	1.87245000E-02	3.76068850E-06	1.26634500E-07
1.85232000E-02	1.85251310E-02	1.85246500E-02	1.85241000E-02	3.83798460E-06	1.30892610E-07
1.83260000E-02	1.83275270E-02	1.83268540E-02	1.83267000E-02	3.56104670E-06	1.28108750E-07
1.81316000E-02	1.81334850E-02	1.81327220E-02	1.81321000E-02	3.20738940E-06	1.34432060E-07
1.79393000E-02	1.79408880E-02	1.79402340E-02	1.79400000E-02	2.95824240E-06	1.31761940E-07
1.77493000E-02	1.77512460E-02	1.77504030E-02	1.77498000E-02	2.91981650E-06	1.35321260E-07
1.75616000E-02	1.75630470E-02	1.75624150E-02	1.75622000E-02	3.09909840E-06	1.29530210E-07
1.73770000E-02	1.73787980E-02	1.73781740E-02	1.73777000E-02	3.40422190E-06	1.34884600E-07
1.71966000E-02	1.71979930E-02	1.71974770E-02	1.71972000E-02	3.64528020E-06	1.30729000E-07
1.70213000E-02	1.70230360E-02	1.70225260E-02	1.70220000E-02	3.75659080E-06	1.35073570E-07
1.68521000E-02	1.68534250E-02	1.68528230E-02	1.68526000E-02	3.58549240E-06	1.32082200E-07
1.66889000E-02	1.66905640E-02	1.66899710E-02	1.66895000E-02	3.19611280E-06	1.37099870E-07
1.65316000E-02	1.65328570E-02	1.65321730E-02	1.65320000E-02	2.58725370E-06	1.31833810E-07
1.63792000E-02	1.63810000E-02	1.63801280E-02	1.63796000E-02	1.95489450E-06	1.34214260E-07
1.62308000E-02	1.62322040E-02	1.62314430E-02	1.62312000E-02	1.44584990E-06	1.26322140E-07
1.60854000E-02	1.60872530E-02	1.60863060E-02	1.60858000E-02	1.17691530E-06	1.28261340E-07
1.59423000E-02	1.59437630E-02	1.59430290E-02	1.59428000E-02	1.22204250E-06	1.24044910E-07
1.58013000E-02	1.58031150E-02	1.58022930E-02	1.58019000E-02	1.46169670E-06	1.26769250E-07
1.56624000E-02	1.56636280E-02	1.56629180E-02	1.56628000E-02	1.73630030E-06	1.22265040E-07
1.55254000E-02	1.55269780E-02	1.55261800E-02	1.55258000E-02	1.94545250E-06	1.25259660E-07
1.53902000E-02	1.53911960E-02	1.53905100E-02	1.53904000E-02	1.95815530E-06	1.18619710E-07
1.52560000E-02	1.52574490E-02	1.52566730E-02	1.52564000E-02	1.83174820E-06	1.21370380E-07
1.51222000E-02	1.51232760E-02	1.51225130E-02	1.51224000E-02	1.62144390E-06	1.14830910E-07
1.49877000E-02	1.49891350E-02	1.49882850E-02	1.49880000E-02	1.39445240E-06	1.17289930E-07
1.48516000E-02	1.48525720E-02	1.48519340E-02	1.48518000E-02	1.22153820E-06	1.12378030E-07
1.47130000E-02	1.47144370E-02	1.47136110E-02	1.47132000E-02	1.13347500E-06	1.18109250E-07
1.45715000E-02	1.45724800E-02	1.45718650E-02	1.45716000E-02	1.17773170E-06	1.16065390E-07
1.44270000E-02	1.44282460E-02	1.44276410E-02	1.44270000E-02	1.33903150E-06	1.20005270E-07
1.42797000E-02	1.42804890E-02	1.42800920E-02	1.42797000E-02	1.62155470E-06	1.14813810E-07
1.41303000E-02	1.41314490E-02	1.41310590E-02	1.41304000E-02	1.91644820E-06	1.19712770E-07
1.39797000E-02	1.39802890E-02	1.39800040E-02	1.39796000E-02	2.14507730E-06	1.15668670E-07
1.38285000E-02	1.38295390E-02	1.38293580E-02	1.38286000E-02	2.23640530E-06	1.19795340E-07
1.36778000E-02	1.36783780E-02	1.36782000E-02	1.36778000E-02	2.15653350E-06	1.16704480E-07
1.35278000E-02	1.35287220E-02	1.35285470E-02	1.35279000E-02	1.94674350E-06	1.22344140E-07
1.33789000E-02	1.33794610E-02	1.33791880E-02	1.33789000E-02	1.69380370E-06	1.18870820E-07
1.32312000E-02	1.32322000E-02	1.32319320E-02	1.32313000E-02	1.45526740E-06	1.22390500E-07
1.30850000E-02	1.30855400E-02	1.30853760E-02	1.30851000E-02	1.33199940E-06	1.18444550E-07
1.29405000E-02	1.29414740E-02	1.29412130E-02	1.29407010E-02	1.32216620E-06	1.23007390E-07
1.27983000E-02	1.27988130E-02	1.27986550E-02	1.27985010E-02	1.45909980E-06	1.19570470E-07
1.26589000E-02	1.26597400E-02	1.26595850E-02	1.26591010E-02	1.67694500E-06	1.25129020E-07
1.25231000E-02	1.25235760E-02	1.25233240E-02	1.25233010E-02	1.94878310E-06	1.19278630E-07
1.23915000E-02	1.23921950E-02	1.23921460E-02	1.23917010E-02	2.20346420E-06	1.22764940E-07
1.22646000E-02	1.22649300E-02	1.22648820E-02	1.22648010E-02	2.40974140E-06	1.20149260E-07
1.21427000E-02	1.21434460E-02	1.21434970E-02	1.21429010E-02	2.53929430E-06	1.24368300E-07
1.20261000E-02	1.20263850E-02	1.20264350E-02	1.20263010E-02	2.60051600E-06	1.18876350E-07
1.19144000E-02	1.19149990E-02	1.19151480E-02	1.19145010E-02	2.57932740E-06	1.21945660E-07
1.18074000E-02	1.18076450E-02	1.18076910E-02	1.18075010E-02	2.50633680E-06	1.18286240E-07
1.17044000E-02	1.17049620E-02	1.17050080E-02	1.17045010E-02	2.36819760E-06	1.22440360E-07
1.16049000E-02	1.16051130E-02	1.16050590E-02	1.16050010E-02	2.19382810E-06	1.17813650E-07
1.15080000E-02	1.15085350E-02	1.15084810E-02	1.15081010E-02	2.01068380E-06	1.20349950E-07
1.14131000E-02	1.14132930E-02	1.14132400E-02	1.14133010E-02	1.88053540E-06	1.15837820E-07
1.13196000E-02	1.13200180E-02	1.13199660E-02	1.13196010E-02	1.79360150E-06	1.21220110E-07
1.12268000E-02	1.12269820E-02	1.12268310E-02	1.12269010E-02	1.78177590E-06	1.18086210E-07
1.11347000E-02	1.11351070E-02	1.11350580E-02	1.11347010E-02	1.77998330E-06	1.20923380E-07
1.10430000E-02	1.10430740E-02	1.10430260E-02	1.10430010E-02	1.74361640E-06	1.15430130E-07
1.09515000E-02	1.09518010E-02	1.09518530E-02	1.09516010E-02	1.63821470E-06	1.19484840E-07
1.08600000E-02	1.08600710E-02	1.08600220E-02	1.08601010E-02	1.45631710E-06	1.15552790E-07
1.07683000E-02	1.07685990E-02	1.07685510E-02	1.07683010E-02	1.22372980E-06	1.19042120E-07
1.06758000E-02	1.06758720E-02	1.06758250E-02	1.06759010E-02	9.83460060E-07	1.14463600E-07
1.05824000E-02	1.05827030E-02	1.05826560E-02	1.05825010E-02	7.50716830E-07	1.18419350E-07
1.04876000E-02	1.04876780E-02	1.04875330E-02	1.04877010E-02	5.54538250E-07	1.13536990E-07
1.03912000E-02	1.03915100E-02	1.03915660E-02	1.03913010E-02	3.99109620E-07	1.17087940E-07
1.02930000E-02	1.02929900E-02	1.02930450E-02	1.02930010E-02	2.97511420E-07	1.12519670E-07
1.01929000E-02	1.01932220E-02	1.01932750E-02	1.01929010E-02	2.59957090E-07	1.15203200E-07
1.00909000E-02	1.00909030E-02	1.00910550E-02	1.00909010E-02	2.96879310E-07	1.10570230E-07
9.98713000E-03	9.98757280E-03	9.98764290E-03	9.98720080E-03	4.06983370E-07	1.13763240E-07
9.88193000E-03	9.88205340E-03	9.88216200E-03	9.88202080E-03	5.88603640E-07	1.09153780E-07
9.77566000E-03	9.77612820E-03	9.77620520E-03	9.77578080E-03	8.23385880E-07	1.10760650E-07
9.66880000E-03	9.66892670E-03	9.66903210E-03	9.66892090E-03	1.07978070E-06	1.06929450E-07
9.56185000E-03	9.56232550E-03	9.56236960E-03	9.56203090E-03	1.33411250E-06	1.10246730E-07
9.45535000E-03	9.45550120E-03	9.45556430E-03	9.45554090E-03	1.55916860E-06	1.04813950E-07
9.34979000E-03	9.35031410E-03	9.35028680E-03	9.35009090E-03	1.74620800E-06	1.09131030E-07
9.24564000E-03	9.24582750E-03	9.24581030E-03	9.24592090E-03	1.87843390E-06	1.05112200E-07
9.14323000E-03	9.14378530E-03	9.14366900E-03	9.14362090E-03	1.96498460E-06	1.09243810E-07
9.04290000E-03	9.04309740E-03	9.04302240E-03	9.04330090E-03	2.00172540E-06	1.05738100E-07
8.94486000E-03	8.94542130E-03	8.94520840E-03	8.94537090E-03	2.00808300E-06	1.10408980E-07
8.84934000E-03	8.84953270E-03	8.84941230E-03	8.84986090E-03	2.00300890E-06	1.06715280E-07
8.75654000E-03	8.75710330E-03	8.75685570E-03	8.75713100E-03	2.00106020E-06	1.09783130E-07
8.66667000E-03	8.66687450E-03	8.66677940E-03	8.66727100E-03	2.00521880E-06	1.07422730E-07
8.58000000E-03	8.58058230E-03	8.58041910E-03	8.58066100E-03	2.00613510E-06	1.12723930E-07
8.49671000E-03	8.49696430E-03	8.49697230E-03	8.49738100E-03	1.98688110E-06	1.09767190E-07
8.41703000E-03	8.41768010E-03	8.41762840E-03	8.41775100E-03	1.94407010E-06	1.14318240E-07
8.34106000E-03	8.34134400E-03	8.34141210E-03	8.34169100E-03	1.86618000E-06	1.11612960E-07
8.26874000E-03	8.26937890E-03	8.26935660E-03	8.26937100E-03	1.77556370E-06	1.16224660E-07
8.19996000E-03	8.20021570E-03	8.20031270E-03	8.20052100E-03	1.68127590E-06	1.12411550E-07
8.13451000E-03	8.13514060E-03	8.13512700E-03	8.13510100E-03	1.59089930E-06	1.14761640E-07
8.07215000E-03	8.07243120E-03	8.07251690E-03	8.07266110E-03	1.50565160E-06	1.09156630E-07
8.01254000E-03	8.01315740E-03	8.01319220E-03	8.01304110E-03	1.40718790E-06	1.12117130E-07
7.95525000E-03	7.95552330E-03	7.95560700E-03	7.95562110E-03	1.27172950E-06	1.09648880E-07
7.89966000E-03	7.90028240E-03	7.90031520E-03	7.90002110E-03	1.10802700E-06	1.15107710E-07
7.84512000E-03	7.84545490E-03	7.84550690E-03	7.84540110E-03	9.16104350E-07	1.11069290E-07
7.79087000E-03	7.79155820E-03	7.79153980E-03	7.79114110E-03	7.20828860E-07	1.12609890E-07
7.73612000E-03	7.73646800E-03	7.73652920E-03	7.73632110E-03	5.45068170E-07	1.05419400E-07
7.68009000E-03	7.68073590E-03	7.68079610E-03	7.68026110E-03	4.09517270E-07	1.07665990E-07
7.62210000E-03	7.62240280E-03	7.62260090E-03	7.62228120E-03	3.33742810E-07	1.05426910E-07
7.56167000E-03	7.56228420E-03	7.56250900E-03	7.56186120E-03	3.06425680E-07	1.07803500E-07
7.49842000E-03	7.49873620E-03	7.49902700E-03	7.49862120E-03	3.18090940E-07	1.03852960E-07
7.43215000E-03	7.43276850E-03	7.43310430E-03	7.43233120E-03	3.58637280E-07	1.08800300E-07
7.36278000E-03	7.36310310E-03	7.36349330E-03	7.36293120E-03	4.21145240E-07	1.05233850E-07
7.29035000E-03	7.29096440E-03	7.29145770E-03	7.29046120E-03	5.01519510E-07	1.08198910E-07
7.21506000E-03	7.21541010E-03	7.21595530E-03	7.21515120E-03	5.96724390E-07	1.03031520E-07
7.13722000E-03	7.13785900E-03	7.13852480E-03	7.13727120E-03	6.99438160E-07	1.05639040E-07
7.05725000E-03	7.05764410E-03	7.05831940E-03	7.05731120E-03	8.06249130E-07	1.00945970E-07
6.97568000E-03	6.97636850E-03	6.97715250E-03	6.97573130E-03	9.11463360E-07	1.04658990E-07
6.89311000E-03	6.89357130E-03	6.89426370E-03	6.89316130E-03	1.01077730E-06	1.00083320E-07
6.81010000E-03	6.81087970E-03	6.81162080E-03	6.81014130E-03	1.10190070E-06	1.03473010E-07
6.72733000E-03	6.72787910E-03	6.72851920E-03	6.72740130E-03	1.18382690E-06	1.01425820E-07
6.64538000E-03	6.64623110E-03	6.64695030E-03	6.64549130E-03	1.25525230E-06	1.04029240E-07
6.56493000E-03	6.56554740E-03	6.56616580E-03	6.56509130E-03	1.31714590E-06	1.00039020E-07
6.48649000E-03	6.48736400E-03	6.48807160E-03	6.48664130E-03	1.36628160E-06	1.03385870E-07
6.41055000E-03	6.41114850E-03	6.41179510E-03	6.41072130E-03	1.40160920E-06	9.86363890E-08
6.33748000E-03	6.33832110E-03	6.33907630E-03	6.33763130E-03	1.42417830E-06	1.03738970E-07
6.26763000E-03	6.26819530E-03	6.26888870E-03	6.26780140E-03	1.43578660E-06	1.01434640E-07
6.20120000E-03	6.20198540E-03	6.20275680E-03	6.20130140E-03	1.45219050E-06	1.05036260E-07
6.13833000E-03	6.13881040E-03	6.13954940E-03	6.13845140E-03	1.49544470E-06	1.02203210E-07
6.07916000E-03	6.07985860E-03	6.08063500E-03	6.07919140E-03	1.56149540E-06	1.06765670E-07
6.02375000E-03	6.02415450E-03	6.02484860E-03	6.02376140E-03	1.65037930E-06	1.03962600E-07
5.97213000E-03	5.97278080E-03	5.97347330E-03	5.97207140E-03	1.73528590E-06	1.06511190E-07
5.92427000E-03	5.92464780E-03	5.92523920E-03	5.92419140E-03	1.79624780E-06	1.01510750E-07
5.87996000E-03	5.88064340E-03	5.88123440E-03	5.87989140E-03	1.81281140E-06	1.04329360E-07
5.83900000E-03	5.83948300E-03	5.83994460E-03	5.83896140E-03	1.76617030E-06	1.01290320E-07
5.80097000E-03	5.80178930E-03	5.80222240E-03	5.80094150E-03	1.67025910E-06	1.05592460E-07
5.76539000E-03	5.76599310E-03	5.76632870E-03	5.76537150E-03	1.53484330E-06	1.03469100E-07
5.73165000E-03	5.73257140E-03	5.73285060E-03	5.73161150E-03	1.37389860E-06	1.07460790E-07
5.69913000E-03	5.69978020E-03	5.70000370E-03	5.69905150E-03	1.19842910E-06	1.01636660E-07
5.66714000E-03	5.66807130E-03	5.66825970E-03	5.66706150E-03	1.00867030E-06	1.01931280E-07
5.63506000E-03	5.63568550E-03	5.63584920E-03	5.63494150E-03	7.91215170E-07	9.59139610E-08
5.60221000E-03	5.60309950E-03	5.60319920E-03	5.60209150E-03	5.60778400E-07	9.97607630E-08
5.56793000E-03	5.56849900E-03	5.56859500E-03	5.56778150E-03	3.20885470E-07	9.70468110E-08
5.53161000E-03	5.53245550E-03	5.53242880E-03	5.53144150E-03	1.03405320E-07	9.97217120E-08
5.49268000E-03	5.49320900E-03	5.49317060E-03	5.49247150E-03	-7.44740620E-08	9.69246600E-08
5.45079000E-03	5.45156620E-03	5.45138700E-03	5.45053160E-03	-1.88020410E-07	1.01350900E-07
5.40560000E-03	5.40601170E-03	5.40587250E-03	5.40530160E-03	-2.32085320E-07	9.82242720E-08
5.35706000E-03	5.35775730E-03	5.35748870E-03	5.35676160E-03	-2.07940140E-07	1.01206940E-07
5.30523000E-03	5.30562270E-03	5.30536560E-03	5.30490160E-03	-1.33895320E-07	9.82913310E-08
5.25032000E-03	5.25105460E-03	5.25065990E-03	5.25005160E-03	-1.23822740E-08	1.00715350E-07
5.19272000E-03	5.19313800E-03	5.19274660E-03	5.19239160E-03	1.28444980E-07	9.69102030E-08
5.13277000E-03	5.13349490E-03	5.13299760E-03	5.13252160E-03	2.86087350E-07	1.02852700E-07
5.07098000E-03	5.07135570E-03	5.07090280E-03	5.07070160E-03	4.33023490E-07	1.00575890E-07
5.00773000E-03	5.00842770E-03	5.00785980E-03	5.00756160E-03	5.75280690E-07	1.04150560E-07
4.94353000E-03	4.94391600E-03	4.94340360E-03	4.94334160E-03	6.97384540E-07	1.01462210E-07
4.87881000E-03	4.87951330E-03	4.87890660E-03	4.87869170E-03	8.22108990E-07	1.04076700E-07
4.81408000E-03	4.81441940E-03	4.81394830E-03	4.81393170E-03	9.42758160E-07	9.98162650E-08
4.74980000E-03	4.75042250E-03	4.74989640E-03	4.74970170E-03	1.07385520E-06	1.03970950E-07
4.68649000E-03	4.68677680E-03	4.68639510E-03	4.68638170E-03	1.20838130E-06	1.00954600E-07
4.62471000E-03	4.62526590E-03	4.62481800E-03	4.62462170E-03	1.35063670E-06	1.02735890E-07
4.56500000E-03	4.56515820E-03	4.56482380E-03	4.56481170E-03	1.48095440E-06	9.63697490E-08
4.50787000E-03	4.50822280E-03	4.50785160E-03	4.50763170E-03	1.61260920E-06	9.63193280E-08
4.45382000E-03	4.45375340E-03	4.45351460E-03	4.45348170E-03	1.73874760E-06	9.22724790E-08
4.40334000E-03	4.40346440E-03	4.40318740E-03	4.40295170E-03	1.86133720E-06	9.54749160E-08
4.35684000E-03	4.35658380E-03	4.35638830E-03	4.35639170E-03	1.96494430E-06	9.13608120E-08
4.31466000E-03	4.31461190E-03	4.31440740E-03	4.31423180E-03	2.02666580E-06	9.27794720E-08
4.27708000E-03	4.27666130E-03	4.27646780E-03	4.27659180E-03	2.00645860E-06	8.82192190E-08
4.24406000E-03	4.24383820E-03	4.24364570E-03	4.24358180E-03	1.89742000E-06	9.19948260E-08
4.21545000E-03	4.21486040E-03	4.21465890E-03	4.21487180E-03	1.68341590E-06	8.94768330E-08
4.19070000E-03	4.19029950E-03	4.19010900E-03	4.19008180E-03	1.42307660E-06	9.25801450E-08
4.16918000E-03	4.16845750E-03	4.16830760E-03	4.16856180E-03	1.15440600E-06	8.76603110E-08
4.15024000E-03	4.14973050E-03	4.14955120E-03	4.14960180E-03	9.10451460E-07	9.03259600E-08
4.13311000E-03	4.13230450E-03	4.13214580E-03	4.13254180E-03	7.21973650E-07	8.95297190E-08
4.11718000E-03	4.11661080E-03	4.11644270E-03	4.11662180E-03	5.83461260E-07	9.58438170E-08
4.10181000E-03	4.10098990E-03	4.10079270E-03	4.10131180E-03	4.82709270E-07	9.29561600E-08
4.08646000E-03	4.08586890E-03	4.08569260E-03	4.08596180E-03	4.14879110E-07	9.61907250E-08
4.07059000E-03	4.06974250E-03	4.06955700E-03	4.07016190E-03	3.78279090E-07	9.11159070E-08
4.05369000E-03	4.05307400E-03	4.05299870E-03	4.05331190E-03	3.50906900E-07	9.45967630E-08
4.03533000E-03	4.03448250E-03	4.03439660E-03	4.03501190E-03	3.19902310E-07	9.39263270E-08
4.01500000E-03	4.01437680E-03	4.01445950E-03	4.01475190E-03	2.59540900E-07	9.93266690E-08
3.99228000E-03	3.99146030E-03	3.99146080E-03	3.99209190E-03	1.56565160E-07	9.78262120E-08
3.96659000E-03	3.96602730E-03	3.96611560E-03	3.96650190E-03	1.13661440E-08	9.86687380E-08
3.93747000E-03	3.93673510E-03	3.93670140E-03	3.93749190E-03	-1.59846940E-07	9.29769500E-08
3.90440000E-03	3.90393370E-03	3.90392870E-03	3.90451190E-03	-3.22771480E-07	9.53398380E-08
3.86705000E-03	3.86637430E-03	3.86630810E-03	3.86729190E-03	-4.22002690E-07	9.35565760E-08
3.82527000E-03	3.82484250E-03	3.82476560E-03	3.82551190E-03	-4.37824660E-07	9.89074660E-08
3.77912000E-03	3.77847280E-03	3.77835560E-03	3.77947190E-03	-3.22835900E-07	9.68858930E-08
3.72906000E-03	3.72865680E-03	3.72852960E-03	3.72942200E-03	-1.09560210E-07	1.00674420E-07
3.67573000E-03	3.67513300E-03	3.67492640E-03	3.67620200E-03	1.97590040E-07	9.83506000E-08
3.62009000E-03	3.61973940E-03	3.61956370E-03	3.62061200E-03	5.05187250E-07	1.02791220E-07
3.56315000E-03	3.56260960E-03	3.56226560E-03	3.56368200E-03	7.66858230E-07	9.72402740E-08
3.50576000E-03	3.50548790E-03	3.50519650E-03	3.50635200E-03	9.39231500E-07	9.98946750E-08
3.44884000E-03	3.44835330E-03	3.44792510E-03	3.44938200E-03	1.01816660E-06	9.53138410E-08
3.39292000E-03	3.39265600E-03	3.39229140E-03	3.39346200E-03	1.02704820E-06	9.72883950E-08
3.33857000E-03	3.33803910E-03	3.33766780E-03	3.33910200E-03	1.03370870E-06	9.47815840E-08
3.28624000E-03	3.28591800E-03	3.28558970E-03	3.28677200E-03	1.05184030E-06	9.76639880E-08
3.23640000E-03	3.23582930E-03	3.23552370E-03	3.23701200E-03	1.13675910E-06	9.55979530E-08
3.18964000E-03	3.18932390E-03	3.18899100E-03	3.19024200E-03	1.27338190E-06	9.78514680E-08
3.14651000E-03	3.14594250E-03	3.14562240E-03	3.14717200E-03	1.49816050E-06	9.14075720E-08
3.10771000E-03	3.10739180E-03	3.10701480E-03	3.10838200E-03	1.75267580E-06	9.03056930E-08
3.07388000E-03	3.07328700E-03	3.07287370E-03	3.07457210E-03	2.03255100E-06	8.49347740E-08
3.04551000E-03	3.04518130E-03	3.04473220E-03	3.04629210E-03	2.21732790E-06	8.97244490E-08
3.02299000E-03	3.02241510E-03	3.02187100E-03	3.02369210E-03	2.25257100E-06	8.69811360E-08
3.00607000E-03	3.00580840E-03	3.00524020E-03	3.00688210E-03	2.10570650E-06	9.03923060E-08
2.99445000E-03	2.99394580E-03	2.99329410E-03	2.99515210E-03	1.79920360E-06	8.60045540E-08
2.98713000E-03	2.98691290E-03	2.98614910E-03	2.98781210E-03	1.42449010E-06	8.70371990E-08
2.98309000E-03	2.98264680E-03	2.98191140E-03	2.98377210E-03	1.11534980E-06	8.40312270E-08
2.98144000E-03	2.98129860E-03	2.98038260E-03	2.98208210E-03	8.90883320E-07	8.87281530E-08
2.98123000E-03	2.98084780E-03	2.98002190E-03	2.98191210E-03	8.12239520E-07	8.62321410E-08
2.98193000E-03	2.98183250E-03	2.98096640E-03	2.98266210E-03	7.90631360E-07	8.98502750E-08
2.98303000E-03	2.98264620E-03	2.98188950E-03	2.98370210E-03	7.77822590E-07	8.56494380E-08
2.98396000E-03	2.98385380E-03	2.98313560E-03	2.98470210E-03	6.88208260E-07	8.72939060E-08
2.98416000E-03	2.98381310E-03	2.98309320E-03	2.98472210E-03	4.73209960E-07	8.54769720E-08
2.98256000E-03	2.98257550E-03	2.98188380E-03	2.98323220E-03	1.28232840E-07	9.06091640E-08
2.97831000E-03	2.97812260E-03	2.97743890E-03	2.97886220E-03	-3.29402150E-07	8.84468200E-08
2.97010000E-03	2.97025130E-03	2.96951590E-03	2.97068220E-03	-7.92245500E-07	9.12058590E-08
2.95685000E-03	2.95679620E-03	2.95618860E-03	2.95744220E-03	-1.14425460E-06	8.83604000E-08
2.93786000E-03	2.93814880E-03	2.93736950E-03	2.93837220E-03	-1.30978650E-06	9.11296670E-08
2.91261000E-03	2.91270630E-03	2.91206540E-03	2.91315220E-03	-1.21138300E-06	8.85191290E-08
2.88141000E-03	2.88187670E-03	2.88110420E-03	2.88194220E-03	-9.52343260E-07	9.21449940E-08
2.84478000E-03	2.84505110E-03	2.84429780E-03	2.84522220E-03	-6.26123690E-07	8.93091050E-08
2.80334000E-03	2.80396580E-03	2.80325130E-03	2.80389220E-03	-3.51179870E-07	9.25143610E-08
2.75801000E-03	2.75839690E-03	2.75764140E-03	2.75833220E-03	-2.47618740E-07	8.91777950E-08
2.70907000E-03	2.70972730E-03	2.70900080E-03	2.70937220E-03	-2.26316780E-07	9.15183710E-08
2.65702000E-03	2.65744690E-03	2.65676890E-03	2.65722220E-03	-2.20183220E-07	8.70379250E-08
2.60235000E-03	2.60305340E-03	2.60228430E-03	2.60245220E-03	-8.71185080E-08	9.10071090E-08
2.54573000E-03	2.54616920E-03	2.54556860E-03	2.54588220E-03	2.66043870E-07	8.81182440E-08
2.48842000E-03	2.48912820E-03	2.48850520E-03	2.48855220E-03	7.68658610E-07	9.04308980E-08
2.43180000E-03	2.43229660E-03	2.43176080E-03	2.43196220E-03	1.32176160E-06	8.56430190E-08
2.37739000E-03	2.37815630E-03	2.37775640E-03	2.37767230E-03	1.80480080E-06	8.54809190E-08
2.32665000E-03	2.32719860E-03	2.32676390E-03	2.32686230E-03	2.05758800E-06	8.31950070E-08
2.28036000E-03	2.28118200E-03	2.28081250E-03	2.28065230E-03	2.16278150E-06	8.61654100E-08
2.23923000E-03	2.23984200E-03	2.23944740E-03	2.23952230E-03	2.13467940E-06	8.29137270E-08
2.20365000E-03	2.20445220E-03	2.20401300E-03	2.20384230E-03	2.13812200E-06	8.46145480E-08
2.17381000E-03	2.17434110E-03	2.17402680E-03	2.17412230E-03	2.25413130E-06	8.10399840E-08
2.15036000E-03	2.15104840E-03	2.15072820E-03	2.15059230E-03	2.46935010E-06	8.48669980E-08
2.13365000E-03	2.13408570E-03	2.13383930E-03	2.13398230E-03	2.70005500E-06	8.21030700E-08
2.12412000E-03	2.12477080E-03	2.12468670E-03	2.12458230E-03	2.79758530E-06	8.46259230E-08
2.12193000E-03	2.12236990E-03	2.12213810E-03	2.12231230E-03	2.55520290E-06	8.12341490E-08
2.12627000E-03	2.12691790E-03	2.12675890E-03	2.12663230E-03	2.12069160E-06	8.34593150E-08
2.13609000E-03	2.13654470E-03	2.13632830E-03	2.13643230E-03	1.54496920E-06	7.97643840E-08
2.15011000E-03	2.15073980E-03	2.15043700E-03	2.15018230E-03	1.07838330E-06	8.25572910E-08
2.16680000E-03	2.16717510E-03	2.16705520E-03	2.16701230E-03	8.50037910E-07	8.22091660E-08
2.18545000E-03	2.18598630E-03	2.18596770E-03	2.18558230E-03	7.18133510E-07	8.65806640E-08
2.20508000E-03	2.20537890E-03	2.20538090E-03	2.20522230E-03	4.68014890E-07	8.28485230E-08
2.22452000E-03	2.22502690E-03	2.22522820E-03	2.22476230E-03	6.03711810E-08	8.42124040E-08
2.24248000E-03	2.24280010E-03	2.24288010E-03	2.24264230E-03	-6.25633570E-07	8.02578930E-08
2.25707000E-03	2.25761760E-03	2.25759770E-03	2.25705240E-03	-1.28698340E-06	8.53430120E-08
2.26642000E-03	2.26676120E-03	2.26678170E-03	2.26649240E-03	-1.75176860E-06	8.55498850E-08
2.26941000E-03	2.26995520E-03	2.26987650E-03	2.26929240E-03	-1.98018530E-06	8.85242220E-08
2.26499000E-03	2.26532400E-03	2.26528650E-03	2.26499240E-03	-2.02821240E-06	8.75013560E-08
2.25285000E-03	2.25337980E-03	2.25343260E-03	2.25287240E-03	-2.04017450E-06	8.99970630E-08
2.23271000E-03	2.23303150E-03	2.23296480E-03	2.23266240E-03	-2.21827050E-06	8.66160380E-08
2.20418000E-03	2.20473740E-03	2.20455270E-03	2.20399240E-03	-2.31427390E-06	9.01311460E-08
2.16706000E-03	2.16744910E-03	2.16733660E-03	2.16697240E-03	-2.20202310E-06	8.65469620E-08
2.12211000E-03	2.12276070E-03	2.12243130E-03	2.12178240E-03	-1.71844080E-06	8.97629900E-08
2.07024000E-03	2.07068520E-03	2.07057880E-03	2.07011240E-03	-8.12549510E-07	8.71253050E-08
2.01365000E-03	2.01433530E-03	2.01434010E-03	2.01360240E-03	2.09829890E-07	9.02915050E-08
1.95453000E-03	1.95500900E-03	1.95497440E-03	1.95441240E-03	1.03223950E-06	8.80431160E-08
1.89469000E-03	1.89540720E-03	1.89549280E-03	1.89465240E-03	1.72878330E-06	8.97598440E-08
1.83595000E-03	1.83643250E-03	1.83653760E-03	1.83583240E-03	2.31738470E-06	8.57837030E-08
1.77976000E-03	1.78047140E-03	1.78059560E-03	1.77959240E-03	2.92288700E-06	8.68359540E-08
1.72767000E-03	1.72812920E-03	1.72839160E-03	1.72749240E-03	3.62942340E-06	8.35687800E-08
1.68113000E-03	1.68182000E-03	1.68233840E-03	1.68120240E-03	4.14092290E-06	8.66034650E-08
1.64160000E-03	1.64206360E-03	1.64238760E-03	1.64143240E-03	4.24190410E-06	8.33795310E-08
1.60907000E-03	1.60978140E-03	1.61020140E-03	1.60911240E-03	4.02112350E-06	8.77647640E-08
1.58378000E-03	1.58423630E-03	1.58452260E-03	1.58364240E-03	3.60407320E-06	8.55301760E-08
1.56487000E-03	1.56552640E-03	1.56593910E-03	1.56493240E-03	2.97265390E-06	8.72608470E-08
1.55189000E-03	1.55229660E-03	1.55259540E-03	1.55174240E-03	2.17095610E-06	8.11060040E-08
1.54341000E-03	1.54409240E-03	1.54461680E-03	1.54359240E-03	1.18820970E-06	8.04003850E-08
1.53873000E-03	1.53919100E-03	1.53959040E-03	1.53869240E-03	3.19177610E-08	7.43905710E-08
1.53634000E-03	1.53707270E-03	1.53731870E-03	1.53623240E-03	-8.60670660E-07	7.29285040E-08
1.53558000E-03	1.53604510E-03	1.53654700E-03	1.53558240E-03	-1.21062470E-06	6.44688090E-08
1.53683000E-03	1.53752590E-03	1.53800240E-03	1.53688240E-03	-1.18771870E-06	5.75912820E-08
1.54078000E-03	1.54122550E-03	1.54177630E-03	1.54081250E-03	-1.00235690E-06	4.38251040E-08
1.54818000E-03	1.54888150E-03	1.54946590E-03	1.54835250E-03	-7.95550830E-07	4.13505310E-08
1.55971000E-03	1.56012950E-03	1.56071740E-03	1.55978250E-03	-6.37810940E-07	4.48358850E-08
1.57539000E-03	1.57601380E-03	1.57650570E-03	1.57542250E-03	-5.69314280E-07	6.65844010E-08
1.59476000E-03	1.59513480E-03	1.59589950E-03	1.59495250E-03	-2.91334020E-07	8.15595320E-08
1.61762000E-03	1.61828200E-03	1.61879930E-03	1.61774250E-03	-3.17246230E-07	9.99048220E-08
1.64231000E-03	1.64293050E-03	1.64377010E-03	1.64278250E-03	-1.18234140E-07	1.09208190E-07
1.66842000E-03	1.66930420E-03	1.66959730E-03	1.66847250E-03	-2.84407200E-07	1.35839680E-07
1.69315000E-03	1.69383270E-03	1.69458980E-03	1.69363250E-03	1.77932140E-07	1.58646290E-07
1.71582000E-03	1.71664500E-03	1.71701550E-03	1.71601250E-03	8.82849420E-08	1.97862750E-07
1.73382000E-03	1.73424490E-03	1.73470050E-03	1.73409250E-03	3.67432180E-07	1.77900230E-07
1.74522000E-03	1.74536920E-03	1.74577980E-03	1.74553250E-03	4.22860350E-07	9.72154160E-08
1.74758000E-03	1.74711080E-03	1.74716840E-03	1.74752250E-03	4.85622700E-07	3.44753300E-09
1.73821000E-03	1.73779440E-03	1.73849750E-03	1.73890250E-03	6.32550670E-07	-4.77591400E-08
1.71818000E-03	1.71746870E-03	1.71726870E-03	1.71798250E-03	4.04895010E-07	-8.22276100E-09
1.68419000E-03	1.68449510E-03	1.68515220E-03	1.68488250E-03	1.12025960E-06	1.01307450E-07
1.63820000E-03	1.63899400E-03	1.63881820E-03	1.63803250E-03	1.12514180E-06	1.50119230E-07
1.57880000E-03	1.58043780E-03	1.58075080E-03	1.57915250E-03	7.96031360E-07	8.29121380E-08
1.51005000E-03	1.51160230E-03	1.51210050E-03	1.51051250E-03	-2.98111990E-07	-1.64337440E-08
1.43342000E-03	1.43482890E-03	1.43542060E-03	1.43375250E-03	-4.24158270E-07	-5.57240970E-08
1.34405000E-03	1.34461110E-03	1.34593180E-03	1.34489250E-03	5.82554920E-07	9.60481120E-09
1.23808000E-03	1.23821470E-03	1.23900310E-03	1.23809250E-03	6.18405740E-07	1.13554490E-07
1.12343000E-03	1.12343320E-03	1.12397370E-03	1.12338250E-03	8.00381240E-07	1.25345010E-07
1.02939000E-03	1.02958490E-03	1.02982050E-03	1.02920250E-03	1.20805460E-06	1.26088180E-07
9.78766000E-04	9.78205500E-04	9.78464760E-04	9.78436490E-04	9.73638290E-07	1.80449580E-07
9.65838000E-04	9.65012280E-04	9.65612170E-04	9.65625490E-04	1.38014630E-06	2.02215410E-07
9.71427000E-04	9.70728210E-04	9.72009030E-04	9.72011490E-04	1.23125330E-06	1.06827780E-07
9.86353000E-04	9.86381300E-04	9.87063560E-04	9.86331490E-04	-1.96394590E-08	1.47841320E-08
1.00842000E-03	1.00903620E-03	1.01036850E-03	1.00928250E-03	-2.82340090E-08	-8.44081440E-09
1.04081000E-03	1.04201120E-03	1.04238340E-03	1.04077250E-03	5.16787550E-07	6.88578150E-08
1.07900000E-03	1.08018120E-03	1.08090640E-03	1.07950250E-03	1.16816790E-06	1.58200640E-07
1.12088000E-03	1.12177380E-03	1.12228130E-03	1.12125250E-03	1.25594750E-06	1.50521830E-07
1.16317000E-03	1.16318740E-03	1.16339000E-03	1.16344250E-03	9.37315080E-07	5.45440190E-08
1.20320000E-03	1.20316730E-03	1.20384420E-03	1.20399250E-03	1.30558450E-06	-2.81756470E-08
1.24034000E-03	1.23979280E-03	1.23969550E-03	1.24046250E-03	1.07044650E-06	-5.06917060E-08
1.27055000E-03	1.27032300E-03	1.27082240E-03	1.27121250E-03	1.38923460E-06	-7.19008200E-09
1.29433000E-03	1.29414450E-03	1.29403080E-03	1.29442250E-03	1.13588770E-06	7.21632370E-08
1.31008000E-03	1.31027690E-03	1.31062090E-03	1.31053250E-03	1.30289840E-06	1.16761830E-07
1.31903000E-03	1.31911730E-03	1.31916810E-03	1.31917250E-03	1.12612690E-06	1.25482870E-07
1.32070000E-03	1.32104800E-03	1.32111700E-03	1.32077250E-03	9.28321250E-07	1.29134430E-07
1.31583000E-03	1.31596530E-03	1.31615190E-03	1.31601250E-03	9.12961430E-07	1.26170440E-07
1.30542000E-03	1.30563130E-03	1.30572530E-03	1.30543250E-03	7.75800250E-07	1.33121660E-07
1.29011000E-03	1.29007360E-03	1.29033450E-03	1.29027250E-03	7.37185900E-07	1.25283550E-07
1.27142000E-03	1.27151310E-03	1.27158110E-03	1.27139250E-03	4.32645360E-07	1.15830250E-07
1.24987000E-03	1.24978050E-03	1.25001570E-03	1.25003250E-03	3.30359090E-07	9.20163020E-08
1.22682000E-03	1.22695410E-03	1.22712600E-03	1.22692250E-03	-1.38539980E-08	7.63793790E-08
1.20280000E-03	1.20275870E-03	1.20291760E-03	1.20286250E-03	-4.22272440E-07	6.31331080E-08
1.17815000E-03	1.17831980E-03	1.17838630E-03	1.17813250E-03	-1.10845420E-06	6.24842540E-08
1.15241000E-03	1.15239630E-03	1.15244110E-03	1.15237250E-03	-1.85970330E-06	6.04642840E-08
1.12494000E-03	1.12515000E-03	1.12487470E-03	1.12461250E-03	-2.51191070E-06	6.41127110E-08
1.09454000E-03	1.09449060E-03	1.09452550E-03	1.09441250E-03	-2.60057480E-06	5.97798650E-08
1.06131000E-03	1.06142570E-03	1.06140930E-03	1.06109250E-03	-2.32987920E-06	6.35491070E-08
1.02538000E-03	1.02525590E-03	1.02531810E-03	1.02514250E-03	-1.84084140E-06	6.28719160E-08
9.87514000E-04	9.87609690E-04	9.87646120E-04	9.87316490E-04	-1.21740330E-06	6.70199460E-08
9.48733000E-04	9.48610360E-04	9.48718810E-04	9.48523490E-04	-4.59114100E-07	6.45942150E-08
9.10286000E-04	9.10355300E-04	9.10482290E-04	9.10138490E-04	3.61275660E-07	6.72506120E-08
8.73720000E-04	8.73512080E-04	8.73702160E-04	8.73488480E-04	1.29411330E-06	6.40407980E-08
8.40474000E-04	8.40443770E-04	8.40805670E-04	8.40479480E-04	2.07840940E-06	6.74936230E-08
8.12346000E-04	8.12073040E-04	8.12235900E-04	8.12106480E-04	2.56713440E-06	6.51464220E-08
7.89941000E-04	7.89910280E-04	7.90008480E-04	7.89833480E-04	2.82726600E-06	6.88879270E-08
7.74047000E-04	7.73809270E-04	7.73851440E-04	7.73897480E-04	3.11057830E-06	6.73754920E-08
7.64934000E-04	7.64935410E-04	7.64975850E-04	7.64938480E-04	3.30610590E-06	7.22096100E-08
7.63051000E-04	7.62851340E-04	7.62819440E-04	7.62943480E-04	3.44194180E-06	7.04832650E-08
7.68170000E-04	7.68218890E-04	7.68339210E-04	7.68343470E-04	3.31197610E-06	7.16570680E-08
7.80210000E-04	7.80069190E-04	7.79965110E-04	7.80138470E-04	2.79338710E-06	6.93681070E-08
7.97634000E-04	7.97744440E-04	7.97558570E-04	7.97627470E-04	2.05269820E-06	7.51378090E-08
8.18955000E-04	8.18852070E-04	8.18696690E-04	8.18960470E-04	1.39780060E-06	7.63286660E-08
8.42540000E-04	8.42639100E-04	8.42363670E-04	8.42529460E-04	8.56633760E-07	8.01946870E-08
8.66830000E-04	8.66718560E-04	8.66511360E-04	8.66866460E-04	5.31423190E-07	7.76019500E-08
8.90689000E-04	8.90800240E-04	8.90650620E-04	8.90875460E-04	2.39369150E-07	8.02376360E-08
9.13238000E-04	9.13161850E-04	9.12926950E-04	9.13323460E-04	-1.73838510E-07	7.75716990E-08
9.33193000E-04	9.33337440E-04	9.33107690E-04	9.33356460E-04	-6.44506490E-07	8.12973870E-08
9.49466000E-04	9.49413590E-04	9.49239680E-04	9.49672450E-04	-1.05795110E-06	7.87619160E-08
9.61062000E-04	9.61213980E-04	9.60970980E-04	9.61224450E-04	-1.31598360E-06	8.00016510E-08
9.67181000E-04	9.67153160E-04	9.67078560E-04	9.67476450E-04	-1.27385340E-06	7.71422390E-08
9.67858000E-04	9.68039370E-04	9.68040890E-04	9.68214440E-04	-1.09863900E-06	7.96665420E-08
9.63423000E-04	9.63399310E-04	9.63345850E-04	9.63669440E-04	-9.62142310E-07	7.65538590E-08
9.54042000E-04	9.54170360E-04	9.54221660E-04	9.54325440E-04	-9.14823070E-07	7.87174540E-08
9.40112000E-04	9.40021650E-04	9.39986610E-04	9.40256440E-04	-1.00725170E-06	7.49759730E-08
9.21608000E-04	9.21721100E-04	9.21599610E-04	9.21627430E-04	-1.07100960E-06	7.65058490E-08
8.98641000E-04	8.98610470E-04	8.98585480E-04	8.98772430E-04	-9.13875200E-07	7.32382590E-08
8.71964000E-04	8.72144670E-04	8.72095790E-04	8.72016430E-04	-5.75667570E-07	7.51305530E-08
8.42400000E-04	8.42422910E-04	8.42419040E-04	8.42497420E-04	-1.21071910E-07	7.28843670E-08
8.11167000E-04	8.11368950E-04	8.11485240E-04	8.11305420E-04	3.16509190E-07	7.36807900E-08
7.79504000E-04	7.79538270E-04	7.79555590E-04	7.79572420E-04	5.64063010E-07	6.92953360E-08
7.48169000E-04	7.48389120E-04	7.48475630E-04	7.48250410E-04	6.89318760E-07	7.12574410E-08
7.17840000E-04	7.17923880E-04	7.17986340E-04	7.17966410E-04	7.39466980E-07	6.95283170E-08
6.88993000E-04	6.89300870E-04	6.89341510E-04	6.89074410E-04	8.18330930E-07	7.52630940E-08
6.61981000E-04	6.62172950E-04	6.62279540E-04	6.62205400E-04	1.00442810E-06	7.18129820E-08
6.37536000E-04	6.37919890E-04	6.38036040E-04	6.37710400E-04	1.27232280E-06	7.13587270E-08
6.16218000E-04	6.16458320E-04	6.16535160E-04	6.16436390E-04	1.55396940E-06	6.79791570E-08
5.98698000E-04	5.99105470E-04	5.99233940E-04	5.98928390E-04	1.77240680E-06	6.88286410E-08
5.85510000E-04	5.85737910E-04	5.85696600E-04	5.85665390E-04	1.79865750E-06	6.72604400E-08
5.76656000E-04	5.77037200E-04	5.77005910E-04	5.76786380E-04	1.68968720E-06	6.97515400E-08
5.72023000E-04	5.72202670E-04	5.72059920E-04	5.72096380E-04	1.45373770E-06	6.67051330E-08
5.71102000E-04	5.71434100E-04	5.71215830E-04	5.71038370E-04	1.22432300E-06	6.84128800E-08
5.73262000E-04	5.73425270E-04	5.73214830E-04	5.73259370E-04	1.09000050E-06	6.66685580E-08
5.78175000E-04	5.78542170E-04	5.78302670E-04	5.78116360E-04	1.05728090E-06	7.19424290E-08
5.85473000E-04	5.85708340E-04	5.85466940E-04	5.85486360E-04	1.07678950E-06	7.01857790E-08
5.94981000E-04	5.95419930E-04	5.95236350E-04	5.95049350E-04	1.07935320E-06	7.12226620E-08
6.06485000E-04	6.06777080E-04	6.06460710E-04	6.06479350E-04	9.33822740E-07	6.86070120E-08
6.19328000E-04	6.19826280E-04	6.19531670E-04	6.19354340E-04	6.78712770E-07	7.25726810E-08
6.32840000E-04	6.33207340E-04	6.32828830E-04	6.32838340E-04	3.07666590E-07	7.08983660E-08
6.46027000E-04	6.46626290E-04	6.46235360E-04	6.46024340E-04	-5.79490960E-08	7.35958360E-08
6.57944000E-04	6.58411440E-04	6.58076880E-04	6.58022330E-04	-3.34802650E-07	7.09124820E-08
6.67859000E-04	6.68597850E-04	6.68189750E-04	6.67947330E-04	-4.76190510E-07	7.37858660E-08
6.75190000E-04	6.75837830E-04	6.75453460E-04	6.75399320E-04	-4.75690300E-07	7.35742800E-08
6.79782000E-04	6.80701670E-04	6.80262190E-04	6.80054320E-04	-3.70004590E-07	7.72194660E-08
6.81640000E-04	6.82424740E-04	6.81961560E-04	6.81919310E-04	-2.42300050E-07	7.31049500E-08
6.80806000E-04	6.81858150E-04	6.81397380E-04	6.81179300E-04	-1.20242120E-07	7.41017660E-08
6.77532000E-04	6.78455810E-04	6.77950690E-04	6.77877300E-04	-7.59984000E-08	7.29320810E-08
6.71768000E-04	6.72989960E-04	6.72452860E-04	6.72247290E-04	-9.04266330E-08	7.67539820E-08
6.63620000E-04	6.64748710E-04	6.64123260E-04	6.64132290E-04	-1.77347450E-07	7.50328090E-08
6.52980000E-04	6.54373800E-04	6.53602170E-04	6.53562280E-04	-2.59492290E-07	7.57011730E-08
6.39806000E-04	6.41026140E-04	6.40236170E-04	6.40436280E-04	-2.84408600E-07	7.15042760E-08
6.24236000E-04	6.25663290E-04	6.24725820E-04	6.24873270E-04	-2.13000820E-07	7.28077800E-08
6.06526000E-04	6.07749720E-04	6.06872210E-04	6.07199270E-04	-1.91096080E-08	7.05707210E-08
5.87274000E-04	5.88703430E-04	5.87765920E-04	5.87951260E-04	2.39961450E-07	7.38708860E-08
5.67159000E-04	5.68398820E-04	5.67519350E-04	5.67782250E-04	4.99298790E-07	7.18382210E-08
5.46902000E-04	5.48341690E-04	5.47509760E-04	5.47585250E-04	7.12211920E-07	7.32059370E-08
5.27266000E-04	5.28460870E-04	5.27703920E-04	5.27866240E-04	8.21457310E-07	6.84056460E-08
5.08668000E-04	5.09997380E-04	5.09308720E-04	5.09312230E-04	8.48643420E-07	6.84670070E-08
4.91499000E-04	4.92556180E-04	4.91966020E-04	4.92080230E-04	8.19825100E-07	6.61847610E-08
4.75891000E-04	4.77097940E-04	4.76524740E-04	4.76492220E-04	7.66084630E-07	6.86860940E-08
4.61980000E-04	4.62917380E-04	4.62453550E-04	4.62545220E-04	7.15380470E-07	6.50359450E-08
4.49814000E-04	4.50878970E-04	4.50407020E-04	4.50372210E-04	6.86200810E-07	6.64770070E-08
4.39435000E-04	4.40229070E-04	4.39866530E-04	4.39987200E-04	7.00121530E-07	6.32134690E-08
4.30966000E-04	4.31891200E-04	4.31519590E-04	4.31535200E-04	7.54342980E-07	6.41703160E-08
4.24506000E-04	4.25185600E-04	4.24907510E-04	4.25105190E-04	8.50707410E-07	6.22323740E-08
4.20227000E-04	4.21070950E-04	4.20802900E-04	4.20895180E-04	9.45559380E-07	6.68126970E-08
4.18274000E-04	4.18905660E-04	4.18660490E-04	4.18925180E-04	1.00699880E-06	6.39124830E-08
4.18616000E-04	4.19424620E-04	4.19191180E-04	4.19331170E-04	1.00442420E-06	6.63207350E-08
4.21234000E-04	4.21799570E-04	4.21538940E-04	4.21869160E-04	9.23768940E-07	6.55780060E-08
4.25691000E-04	4.26377530E-04	4.26111860E-04	4.26335150E-04	7.80140590E-07	6.83572730E-08
4.31577000E-04	4.31995160E-04	4.31738460E-04	4.32170150E-04	6.09704300E-07	6.58904670E-08
4.38298000E-04	4.38822290E-04	4.38562520E-04	4.38859140E-04	4.36992280E-07	6.88308410E-08
4.45291000E-04	4.45597080E-04	4.45359170E-04	4.45847130E-04	3.07881000E-07	6.82749750E-08
4.52087000E-04	4.52553160E-04	4.52313010E-04	4.52624130E-04	2.20947350E-07	7.13714740E-08
4.58287000E-04	4.58568440E-04	4.58358930E-04	4.58846120E-04	1.92403750E-07	6.91010490E-08
4.63653000E-04	4.64083530E-04	4.63924280E-04	4.64203110E-04	1.94208030E-07	7.13805920E-08
4.68021000E-04	4.68244510E-04	4.68109150E-04	4.68559100E-04	2.16959450E-07	6.88869800E-08
4.71260000E-04	4.71605010E-04	4.71534140E-04	4.71781100E-04	2.33339270E-07	7.15773020E-08
4.73327000E-04	4.73472050E-04	4.73345620E-04	4.73804090E-04	2.36978690E-07	7.01446980E-08
4.74078000E-04	4.74373300E-04	4.74261520E-04	4.74557080E-04	2.15490590E-07	7.23988050E-08
4.73531000E-04	4.73652760E-04	4.73429090E-04	4.73962070E-04	1.75155290E-07	6.77685910E-08
4.71554000E-04	4.71803400E-04	4.71590320E-04	4.71945060E-04	1.14184200E-07	6.70859240E-08
4.68127000E-04	4.68193120E-04	4.67889020E-04	4.68465060E-04	5.28443500E-08	6.32738480E-08
4.63142000E-04	4.63363090E-04	4.63073350E-04	4.63467050E-04	-1.54759800E-08	6.74439200E-08
4.56649000E-04	4.56717940E-04	4.56316030E-04	4.56980040E-04	-7.50284000E-08	6.67473610E-08
4.48613000E-04	4.48847810E-04	4.48416400E-04	4.48957030E-04	-1.11606330E-07	6.96965140E-08
4.39128000E-04	4.39191220E-04	4.38680850E-04	4.39541020E-04	-9.83352450E-08	6.55534530E-08
4.28340000E-04	4.28533370E-04	4.28026400E-04	4.28772010E-04	-4.19756090E-08	6.62834320E-08
4.16508000E-04	4.16514710E-04	4.15976300E-04	4.17006010E-04	7.07873390E-08	6.43146470E-08
4.03969000E-04	4.04112680E-04	4.03623750E-04	4.04505000E-04	2.06902850E-07	6.58696570E-08
3.91137000E-04	3.91142580E-04	3.90601170E-04	3.91733990E-04	3.42542740E-07	6.51777450E-08
3.78396000E-04	3.78567260E-04	3.78063450E-04	3.79036980E-04	4.57055520E-07	6.90439150E-08
3.66094000E-04	3.66135940E-04	3.65570860E-04	3.66764970E-04	5.40299150E-07	6.61549710E-08
3.54450000E-04	3.54643040E-04	3.54157630E-04	3.55151960E-04	5.96879580E-07	6.87986540E-08
3.43719000E-04	3.43711510E-04	3.43253270E-04	3.44423950E-04	6.39311370E-07	6.63724060E-08
3.34007000E-04	3.34096060E-04	3.33740400E-04	3.34692940E-04	6.67752010E-07	6.93604030E-08
3.25434000E-04	3.25296110E-04	3.24968440E-04	3.26084930E-04	6.90063340E-07	6.61338290E-08
3.18002000E-04	3.17997430E-04	3.17726360E-04	3.18625920E-04	7.03265920E-07	6.75953830E-08
3.11769000E-04	3.11586190E-04	3.11319440E-04	3.12367920E-04	7.10064200E-07	6.63223750E-08
3.06733000E-04	3.06718200E-04	3.06450770E-04	3.07306910E-04	7.10928160E-07	6.86756130E-08
3.02886000E-04	3.02722400E-04	3.02422450E-04	3.03454900E-04	7.12911840E-07	6.84641930E-08
3.00195000E-04	3.00247790E-04	2.99889740E-04	3.00791890E-04	7.14012410E-07	6.91892370E-08
2.98659000E-04	2.98590050E-04	2.98179440E-04	2.99293880E-04	7.17684790E-07	6.46856360E-08
2.98222000E-04	2.98410560E-04	2.97930950E-04	2.98928870E-04	7.16526680E-07	6.64767630E-08
2.98851000E-04	2.98980890E-04	2.98450870E-04	2.99615860E-04	7.04492200E-07	6.36145180E-08
3.00436000E-04	3.00891860E-04	3.00316860E-04	3.01317850E-04	6.75744360E-07	6.80115930E-08
3.02928000E-04	3.03324910E-04	3.02755160E-04	3.03870840E-04	6.23999920E-07	6.52773010E-08
3.06135000E-04	3.06806130E-04	3.06251530E-04	3.07173830E-04	5.53321530E-07	6.77425210E-08
3.09918000E-04	3.10443790E-04	3.09959980E-04	3.10946820E-04	4.61505620E-07	6.40112900E-08
3.13983000E-04	3.14712100E-04	3.14271550E-04	3.15045810E-04	3.58404590E-07	6.33668290E-08
3.18082000E-04	3.18652930E-04	3.18291110E-04	3.19135800E-04	2.48957860E-07	6.09581810E-08
3.21927000E-04	3.22735410E-04	3.22338120E-04	3.23021790E-04	1.47670000E-07	6.31557230E-08
3.25272000E-04	3.25953900E-04	3.25563300E-04	3.26351780E-04	6.44783020E-08	6.26102580E-08
3.27868000E-04	3.28808720E-04	3.28314260E-04	3.28937770E-04	9.06468320E-09	6.56416320E-08
3.29546000E-04	3.30312160E-04	3.29847190E-04	3.30527760E-04	-1.52809710E-08	6.48775160E-08
3.30136000E-04	3.31074020E-04	3.30596490E-04	3.31071750E-04	-1.16938620E-08	6.61103710E-08
3.29577000E-04	3.30272480E-04	3.29913910E-04	3.30427740E-04	9.22724490E-09	6.24792760E-08
3.27813000E-04	3.28649590E-04	3.28326290E-04	3.28640730E-04	4.23697950E-08	6.51340980E-08
3.24869000E-04	3.25483060E-04	3.25249470E-04	3.25602720E-04	8.03755620E-08	6.19106910E-08
3.20754000E-04	3.21510170E-04	3.21291820E-04	3.21441700E-04	1.30177550E-07	6.55143240E-08
3.15560000E-04	3.16088120E-04	3.15947600E-04	3.16151690E-04	1.90217400E-07	6.48087670E-08
3.09376000E-04	3.10075570E-04	3.09911630E-04	3.09938680E-04	2.59815500E-07	6.87877890E-08
3.02391000E-04	3.02915260E-04	3.02766950E-04	3.02890670E-04	3.34372550E-07	6.72019590E-08
2.94760000E-04	2.95488390E-04	2.95305790E-04	2.95272660E-04	4.01411590E-07	6.80008490E-08
2.86718000E-04	2.87271590E-04	2.87105790E-04	2.87199650E-04	4.46242240E-07	6.47868190E-08
2.78384000E-04	2.79123500E-04	2.78972370E-04	2.78928640E-04	4.70807790E-07	6.65112270E-08
2.69955000E-04	2.70520670E-04	2.70428870E-04	2.70521630E-04	4.69755020E-07	6.57676920E-08
2.61561000E-04	2.62294880E-04	2.62229030E-04	2.62159620E-04	4.54371510E-07	6.60190600E-08
2.53333000E-04	2.53890280E-04	2.53881010E-04	2.53904610E-04	4.33675880E-07	6.15271870E-08
2.45361000E-04	2.46097940E-04	2.46088010E-04	2.45911600E-04	4.19557130E-07	6.32955490E-08
2.37752000E-04	2.38329480E-04	2.38365680E-04	2.38282590E-04	4.17668800E-07	6.20881960E-08
2.30627000E-04	2.31398410E-04	2.31447470E-04	2.31150580E-04	4.24781820E-07	6.55920860E-08
2.24166000E-04	2.24773970E-04	2.24846730E-04	2.24649560E-04	4.36435810E-07	6.22027130E-08
2.18475000E-04	2.19237100E-04	2.19340320E-04	2.18909550E-04	4.52524580E-07	6.24420260E-08
2.13703000E-04	2.14276750E-04	2.14370330E-04	2.14051540E-04	4.70514680E-07	5.77087840E-08
2.09870000E-04	2.10595150E-04	2.10683150E-04	2.10171530E-04	4.89752410E-07	6.08834720E-08
2.07052000E-04	2.07644750E-04	2.07648580E-04	2.07355520E-04	5.07918000E-07	5.99778990E-08
2.05263000E-04	2.06055070E-04	2.05994380E-04	2.05601510E-04	5.23257720E-07	6.21366360E-08
2.04541000E-04	2.05199450E-04	2.05032010E-04	2.04900500E-04	5.37711570E-07	6.17692090E-08
2.04830000E-04	2.05584020E-04	2.05418310E-04	2.05158480E-04	5.45752360E-07	6.48638870E-08
2.06029000E-04	2.06565840E-04	2.06350070E-04	2.06308470E-04	5.45692090E-07	6.19368520E-08
2.07969000E-04	2.08586440E-04	2.08423620E-04	2.08203460E-04	5.38792430E-07	6.29885090E-08
2.10550000E-04	2.10947400E-04	2.10751430E-04	2.10712450E-04	5.24482900E-07	6.10720870E-08
2.13553000E-04	2.14007560E-04	2.13867350E-04	2.13626440E-04	4.99105780E-07	6.44172630E-08
2.16795000E-04	2.17015910E-04	2.16840380E-04	2.16793420E-04	4.64910420E-07	6.43425290E-08
2.20006000E-04	2.20286770E-04	2.20179770E-04	2.19975410E-04	4.24258900E-07	6.83344330E-08
2.23017000E-04	2.23074610E-04	2.22947940E-04	2.23003400E-04	3.73254990E-07	6.67460860E-08
2.25548000E-04	2.25711230E-04	2.25662620E-04	2.25605390E-04	3.14866330E-07	6.63716180E-08
2.27485000E-04	2.27483490E-04	2.27407730E-04	2.27622370E-04	2.51780990E-07	6.10270260E-08
2.28637000E-04	2.28756640E-04	2.28719680E-04	2.28822360E-04	1.96789890E-07	6.10022230E-08
2.28855000E-04	2.28838870E-04	2.28783630E-04	2.29137350E-04	1.59571060E-07	5.92985120E-08
2.28069000E-04	2.28220080E-04	2.28214410E-04	2.28418340E-04	1.41305940E-07	6.44265940E-08
2.26309000E-04	2.26317920E-04	2.26330530E-04	2.26714320E-04	1.46448440E-07	6.27287480E-08
2.23658000E-04	2.23769840E-04	2.23871260E-04	2.24033310E-04	1.63388390E-07	6.39845060E-08
2.20226000E-04	2.20127040E-04	2.20246810E-04	2.20550300E-04	1.86546880E-07	5.92803580E-08
2.16108000E-04	2.16106350E-04	2.16304030E-04	2.16392290E-04	2.05526440E-07	5.97995530E-08
2.11487000E-04	2.11315580E-04	2.11485960E-04	2.11744270E-04	2.15415630E-07	5.79155870E-08
2.06446000E-04	2.06441000E-04	2.06649020E-04	2.06731260E-04	2.20229380E-07	6.11549810E-08
2.01171000E-04	2.01020240E-04	2.01233700E-04	2.01489250E-04	2.27585880E-07	5.98955890E-08
1.95768000E-04	1.95747030E-04	1.96014670E-04	1.96116240E-04	2.38464610E-07	6.09934060E-08
1.90369000E-04	1.90145480E-04	1.90438950E-04	1.90725220E-04	2.58052240E-07	5.86147990E-08
1.85026000E-04	1.84920760E-04	1.85251780E-04	1.85416210E-04	2.84032080E-07	6.24523710E-08
1.79864000E-04	1.79591320E-04	1.79904790E-04	1.80245200E-04	3.05514010E-07	6.17021700E-08
1.74916000E-04	1.74833850E-04	1.75098050E-04	1.75295180E-04	3.23301800E-07	6.44059390E-08
1.70262000E-04	1.70027360E-04	1.70239720E-04	1.70581170E-04	3.34160110E-07	6.38267780E-08
1.65882000E-04	1.65791080E-04	1.65944080E-04	1.66155160E-04	3.49409540E-07	6.44605340E-08
1.61792000E-04	1.61476590E-04	1.61634460E-04	1.61984140E-04	3.72068100E-07	6.11233700E-08
1.57989000E-04	1.57766710E-04	1.57896540E-04	1.58093130E-04	4.07829430E-07	6.31401540E-08
1.54484000E-04	1.54010500E-04	1.54189200E-04	1.54470120E-04	4.55231130E-07	5.92291760E-08
1.51314000E-04	1.50926240E-04	1.51099620E-04	1.51199100E-04	5.10870310E-07	6.07830440E-08
1.48498000E-04	1.47878440E-04	1.48103300E-04	1.48280090E-04	5.64922050E-07	6.01671860E-08
1.46085000E-04	1.45584830E-04	1.45801980E-04	1.45823080E-04	6.12598360E-07	6.25765660E-08
1.44176000E-04	1.43423380E-04	1.43691620E-04	1.43803060E-04	6.41089850E-07	6.05670050E-08
1.42746000E-04	1.42104440E-04	1.42366570E-04	1.42347050E-04	6.51674270E-07	6.26780360E-08
1.41821000E-04	1.40976480E-04	1.41301250E-04	1.41393040E-04	6.33615280E-07	5.75268530E-08
1.41366000E-04	1.40680600E-04	1.41015690E-04	1.41007020E-04	5.91609870E-07	5.75968020E-08
1.41386000E-04	1.40504540E-04	1.40912590E-04	1.41021010E-04	5.24285190E-07	5.46446300E-08
1.41768000E-04	1.41032060E-04	1.41455670E-04	1.41431000E-04	4.46154190E-07	5.80379740E-08
1.42440000E-04	1.41496170E-04	1.41986000E-04	1.42036980E-04	3.63693010E-07	5.82616740E-08
1.43282000E-04	1.42471060E-04	1.42939880E-04	1.42833970E-04	2.87779470E-07	6.15788270E-08
1.44199000E-04	1.43148220E-04	1.43674880E-04	1.43654950E-04	2.18899590E-07	5.90692060E-08
1.45068000E-04	1.44125290E-04	1.44644560E-04	1.44481940E-04	1.66595320E-07	5.78385220E-08
1.45832000E-04	1.44660330E-04	1.45244940E-04	1.45175930E-04	1.30052800E-07	5.52619640E-08
1.46425000E-04	1.45379540E-04	1.45965190E-04	1.45732910E-04	1.16475340E-07	5.88582830E-08
1.46857000E-04	1.45567420E-04	1.46226790E-04	1.46094900E-04	1.21792040E-07	5.94186890E-08
1.47082000E-04	1.45908570E-04	1.46572300E-04	1.46307880E-04	1.52666050E-07	6.32878240E-08
1.47134000E-04	1.45757030E-04	1.46472880E-04	1.46349870E-04	2.03956160E-07	6.28994180E-08
1.47023000E-04	1.45766080E-04	1.46531580E-04	1.46272860E-04	2.60101240E-07	6.50712870E-08
1.46806000E-04	1.45346270E-04	1.46162000E-04	1.46030840E-04	2.99347720E-07	6.12281830E-08
1.46411000E-04	1.45074520E-04	1.45937030E-04	1.45661830E-04	3.16866770E-07	6.25945600E-08
1.45806000E-04	1.44316620E-04	1.45147830E-04	1.45036810E-04	3.00937290E-07	6.16524430E-08
1.44836000E-04	1.43523890E-04	1.44311100E-04	1.44081800E-04	2.74780900E-07	6.66486360E-08
1.43387000E-04	1.41950600E-04	1.42698130E-04	1.42621780E-04	2.51537840E-07	6.52045380E-08
1.41325000E-04	1.40066760E-04	1.40803800E-04	1.40547770E-04	2.44771930E-07	6.64745130E-08
1.38602000E-04	1.37202030E-04	1.37977450E-04	1.37829750E-04	2.64315740E-07	6.30474170E-08
1.35246000E-04	1.33975090E-04	1.34815430E-04	1.34468740E-04	3.04284640E-07	6.36778310E-08
1.31348000E-04	1.29902790E-04	1.30785580E-04	1.30577720E-04	3.52673820E-07	5.95988030E-08
1.27009000E-04	1.25703360E-04	1.26633210E-04	1.26244710E-04	4.04411450E-07	5.94950640E-08
1.22412000E-04	1.20978000E-04	1.21901700E-04	1.21674690E-04	4.58399840E-07	5.77488750E-08
1.17723000E-04	1.16463610E-04	1.17420030E-04	1.17020680E-04	5.03236320E-07	5.99644080E-08
1.13182000E-04	1.11823810E-04	1.12718050E-04	1.12522660E-04	5.31945410E-07	5.58665780E-08
1.08933000E-04	1.07741220E-04	1.08649460E-04	1.08333650E-04	5.29985550E-07	5.56545460E-08
1.05161000E-04	1.03863910E-04	1.04673460E-04	1.04592630E-04	4.93118520E-07	5.26901320E-08
1.01860000E-04	1.00727430E-04	1.01553620E-04	1.01350620E-04	4.22584680E-07	5.52557920E-08
9.90772000E-05	9.78690820E-05	9.86155520E-05	9.86158050E-05	3.28183760E-07	5.47337040E-08
9.67018000E-05	9.57151160E-05	9.64709330E-05	9.63004890E-05	2.28353900E-07	5.69375290E-08
9.47173000E-05	9.36638560E-05	9.43598100E-05	9.43738740E-05	1.51696340E-07	5.48605960E-08
9.30405000E-05	9.21677510E-05	9.28602840E-05	9.27017590E-05	1.12308940E-07	5.67432070E-08
9.16026000E-05	9.06534550E-05	9.12883990E-05	9.13534440E-05	1.34362360E-07	5.30052680E-08
9.04694000E-05	8.97270900E-05	9.03370670E-05	9.02668280E-05	2.00035890E-07	5.61927500E-08
8.97307000E-05	8.89383760E-05	8.94659130E-05	8.96114130E-05	3.08538340E-07	5.58350170E-08
8.94998000E-05	8.89048960E-05	8.94470560E-05	8.94496980E-05	4.16002670E-07	5.75240660E-08
8.99255000E-05	8.92311720E-05	8.96914150E-05	8.99017830E-05	4.98224080E-07	5.68308660E-08
9.09469000E-05	9.04181590E-05	9.08939450E-05	9.09897670E-05	5.30891010E-07	5.68758720E-08
9.25517000E-05	9.19046150E-05	9.22586670E-05	9.25875520E-05	5.11426720E-07	5.41300890E-08
9.44572000E-05	9.39618770E-05	9.42766430E-05	9.44997360E-05	4.53927510E-07	5.79735000E-08
9.64458000E-05	9.58072670E-05	9.60240010E-05	9.64493210E-05	3.92341070E-07	5.60980940E-08
9.81914000E-05	9.76902720E-05	9.78574680E-05	9.81548050E-05	3.32602630E-07	6.02327760E-08
9.94609000E-05	9.88242220E-05	9.89384940E-05	9.94215900E-05	3.02188790E-07	5.82115670E-08
1.00081000E-04	9.96335100E-05	9.96957810E-05	1.00072370E-04	2.96156520E-07	5.86832830E-08
1.00002000E-04	9.94880560E-05	9.95166720E-05	1.00087360E-04	3.35300050E-07	5.58304740E-08
9.93252000E-05	9.90487120E-05	9.89833900E-05	9.94671440E-05	3.94655810E-07	5.98807800E-08
9.81799000E-05	9.78184730E-05	9.76746160E-05	9.83484280E-05	4.72647350E-07	5.98476430E-08
9.67192000E-05	9.65660910E-05	9.63518040E-05	9.69300120E-05	5.14098390E-07	6.17823420E-08
9.51535000E-05	9.48973470E-05	9.45821320E-05	9.53234970E-05	4.91554570E-07	6.02708950E-08
9.34693000E-05	9.33958950E-05	9.30867400E-05	9.37117810E-05	3.95618620E-07	6.25916850E-08
9.17223000E-05	9.15113060E-05	9.11911380E-05	9.19412660E-05	2.39525940E-07	6.05406130E-08
8.97017000E-05	8.96707440E-05	8.93657510E-05	8.99741500E-05	7.40318190E-08	6.18990210E-08
8.73250000E-05	8.71634330E-05	8.69149310E-05	8.76204340E-05	-3.54655570E-08	6.15420020E-08
8.45652000E-05	8.46010520E-05	8.43001290E-05	8.48434180E-05	-7.69910170E-08	6.45319610E-08
8.14943000E-05	8.13812370E-05	8.11252290E-05	8.17287020E-05	-1.88945290E-08	6.09923570E-08
7.83395000E-05	7.83925240E-05	7.80860570E-05	7.85237870E-05	9.19186840E-08	6.09069140E-08
7.53737000E-05	7.52510500E-05	7.49658470E-05	7.54730710E-05	2.29725240E-07	5.77484330E-08
7.28429000E-05	7.28552800E-05	7.25710560E-05	7.29535550E-05	3.43854900E-07	6.02520140E-08
7.10257000E-05	7.08261540E-05	7.05273700E-05	7.10260390E-05	4.03862520E-07	5.83734050E-08
6.98555000E-05	6.97764900E-05	6.94784050E-05	6.98904230E-05	3.99878290E-07	5.96802050E-08
6.92961000E-05	6.90504280E-05	6.87135020E-05	6.92625070E-05	3.36839960E-07	5.66281770E-08
6.90335000E-05	6.89641580E-05	6.85804410E-05	6.90070910E-05	2.58042920E-07	5.79704740E-08
6.88147000E-05	6.85935500E-05	6.82665090E-05	6.87607750E-05	2.13641070E-07	5.57174950E-08
